species	c1	c2	c3	c4	c5	c6	c7	c8	c9	c10	c11	gamergates	sting	size_1_quart	size_2_quart	size_3_quart	size_4_quart	min_temp	max_temp	min_prec	max_prec	eat_sug_liq
acromyrmex_crassispinus	-0.239699881014347	0.141296453909702	0.0615972649305587	-0.250485945853737	-0.00147518326999876	0.014233867492241	0.0120928402626677	-0.00980427552809867	0.191714490568486	-0.0080283480261651	-0.051040817893751	0	0	0	0	0	1	0.795	1.15	0.15925	0.35875	0
amblyopone_australis	0.0391026677730487	-0.399884724211827	0.0444300206508857	0.000307777970895907	0.0845985651032887	0.0313404798816088	-0.038415339989132	-0.00147529662593101	0.0132359069533625	0.172897435628338	0.0113621534668552	0	1	0	0	1	0	0.3	1.395	0.022	0.80725	0
aphaenogaster_senilis	-0.178505526311353	0.0714235737905487	-0.0161706149328981	0.0735505694989683	0.0273467033842772	0.259285776092909	0.0681814144530927	-0.0133608357064812	0.0599779326063833	0.278202194741349	-0.51922044259291	0	0	0	0	1	0	0.53	0.97	0.03275	0.124	1
aphaenogaster_subterranea	-0.180362720723157	0.0727779522835777	-0.0168491949058555	0.077782712433527	0.0292675583664724	0.287231032117752	0.0760940773530403	-0.01524573744271	0.069331374598696	0.325573788905525	-0.64162781247631	0	0	0	0	1	0	0.11	0.87	0.055125	0.198	1
atta_sexdens	-0.239858136757824	0.141463567731471	0.0617513563177113	-0.251320041214698	-0.00148103960667222	0.0143149394772681	0.0121659535836829	-0.0098733592488706	0.193171883265804	-0.0080934747892492	-0.0515599376936213	0	0	0	0	0	1	0.69	1.37	0.134625	0.365125	0
basiceros_manni	-0.243864486317183	0.146565389193179	0.0696482022151783	-0.315166020681819	-0.00215373422933445	-0.019571935239529	-0.00147620084242337	-0.0090010433243227	0.324227689914931	-0.0470726359861523	0.0125314012728931	0	1	1	0	0	0	1.035	1.3	0.26875	0.595125	0
cryptopone_sauteri	0.0486531357438483	-0.63159971643613	0.400811705582377	-0.000927153545849347	-0.107092468606731	-0.0082917188905893	0.00683490169073677	-2.05639148524612e-05	0.00135678397985763	0.0311303953308043	0.00617327956025857	0	1	0	1	0	0	0.48	0.81	0.12475	0.4195	0
dinoponera_quadriceps	0.0486456958383237	-0.63140751479931	0.400485335115473	-0.000926008254513103	-0.106919192095687	-0.00826748213539947	0.00681275429555473	-2.04764613633254e-05	0.00135015347982857	0.0309586428030269	0.00612036662608437	1	1	0	1	0	0	1.185	1.32	0.065625	0.332625	0
discothyrea_sauteri	0.0388432138279317	-0.390918580555183	0.0191961219629002	0.00042342687425902	0.106271753540836	0.038315839261931	-0.0470743270433463	-0.00182818479325996	0.0165343495228566	0.217733901231797	0.0148047634977645	0	1	0	1	0	0	0.58	1.085	0.18125	0.4195	0
dorylus_laevigatus	0.0368425590185733	-0.307831418316935	-0.358661289388353	0.00310582519875003	0.978108085024597	-0.232446015194151	0.190849875186554	0.00339811768705903	-0.0221298386082653	-0.222063098689269	-0.0053026189147313	0	1	0	0	0	1	0.975	1.37	0.25625	0.505125	0
ectatomma_ruidum	-0.0029714453656507	-0.122002499713808	-0.190040935778661	0.0257838049091735	0.152492972258466	0.301207525504193	-0.237923785637205	-0.0135329181726742	0.110654193262666	1.4238441007214	0.539585415757597	0	1	0	1	0	0	0.435	1.45	0.064	1.111875	1
eurhopalothrix_biroi	-0.244454988127233	0.147202683961822	0.070292680651564	-0.319063002122096	-0.0021855782201748	-0.0199904962409599	-0.00150976757794976	-0.0092407093656055	0.333566091836547	-0.0485229397153947	0.0130202735608286	0	1	0	1	0	0	0.99	1.27	0.232125	0.5275	0
eurhopalothrix_heliscata	-0.244709510191141	0.14747729671574	0.070570188757562	-0.320740255497097	-0.00219927900619312	-0.0201704103304826	-0.0015241931100819	-0.00934365075485293	0.337575894907047	-0.0491455082512077	0.0132298918597701	0	1	0	0	1	0	1.105	1.105	0.30825	0.30825	0
gnamptogenys_striatula	-0.00297938478328032	-0.122584589739091	-0.191942128130828	0.026125120536033	0.154887885078207	0.307897180846718	-0.243515136325514	-0.0139000393200386	0.113874496194851	1.46782430584086	0.559983940373767	1	1	0	0	1	0	0.69	1.4	0.002	0.903	1
leptanilla_japonica	0.035486530801224	-0.312923624473329	-0.0850559175001577	0.000743269398549957	0.150208594537462	0.043299735828365	-0.051562492556226	-0.00183946845247714	0.0158601085270351	0.199459962827206	0.0107126293368271	0	1	0	1	0	0	0.71	0.71	0.25625	0.25625	0
leptogenys_schwabi	0.052423380924983	-0.72715201449142	0.566758205199787	-0.00155408807583962	-0.211816628286337	-0.0357159839072327	0.0399827394663417	0.00126374618749224	-0.0105109915453999	-0.130307347270595	-0.00817434692637597	1	1	0	1	0	0	0.845	0.97	0.0795	0.146625	0
megaponera_analis	0.0520375393243033	-0.717502836419513	0.55057951630318	-0.00149437334118494	-0.202026504555209	-0.0332864522450811	0.0370799479197747	0.00115508391663556	-0.00952684093671957	-0.11717291413073	-0.00710131801275417	0	1	0	0	0	1	0.89	1.345	0.018875	0.29575	0
messor_barbarus	-0.18039107992423	0.0727984427677737	-0.016859218018562	0.0778442627572043	0.0292951550123964	0.287619059577565	0.0762031659277243	-0.0152711892043715	0.069456189322854	0.32619898789018	-0.64317003819716	0	0	0	0	0	1	0.445	0.97	0.018125	0.158875	0
messor_capitatus	-0.178499649558356	0.0714193673007603	-0.0161686075316708	0.0735384422226013	0.0273413367834115	0.259213103393749	0.0681611479290913	-0.0133562193652188	0.0599556080112903	0.278091842147708	-0.518963613598927	0	0	0	0	0	1	0.345	0.935	0.025875	0.170375	0
messor_structor	-0.178455347863231	0.0713876246602517	-0.0161534206492672	0.0734465464595083	0.027300620271226	0.258659885945735	0.0680067651802063	-0.0133209855652525	0.059785034012834	0.277247844587507	-0.51699148678966	0	0	0	0	0	1	-0.025	0.935	0.023375	0.1705	0
myrmica_schencki	-0.0928043602761747	-0.0228004451388301	-0.100207903071106	0.0527517474837133	0.0867120599074233	0.290517592318821	-0.0604806434721223	-0.0143286550979496	0.0837588245088127	0.703952288143717	-0.562643401670237	0	1	0	0	1	0	-0.025	0.63	0.02475	0.255875	1
neoponera_apicalis	0.0486907019721843	-0.632455687380867	0.40189732892848	-0.000930365401421107	-0.107520175222015	-0.00833451773497193	0.0068714566053448	-2.06827391092837e-05	0.0013648531072266	0.0313189057550855	0.0062102496632782	0	1	0	1	0	0	0.53	1.4	0.002	0.91025	1
nothomyrmecia_macrops	0.0319736343653521	-0.220259863729744	-0.310785704075119	-0.0118825604736606	0.0563925138203377	0.0858458778787433	-0.0959232223311037	-0.00328420275117017	0.0286289754544921	0.367655735454697	0.0230483504646891	0	1	1	0	0	0	0.83	0.865	0.037625	0.0455	0
ooceraea_biroi	0.0356161447226533	-0.289194453840112	-0.310820946554207	0.00253889566567156	0.760374305863983	-0.15301621580915	0.120572042377612	0.00187104189424561	-0.0110985084047769	-0.100693067970603	-0.00116726454941048	0	1	0	1	0	0	1.05	1.475	0.165625	0.54475	0
ophthalmopone_berthoudi	0.0520383684345467	-0.71752329931972	0.550612662886847	-0.00149449294734144	-0.202045763562377	-0.0332909931186284	0.037085314579072	0.00115527846251125	-0.0095285705899569	-0.117195598090723	-0.0071030363864405	1	1	0	0	1	0	0.89	1.165	0.054375	0.090125	0
platythyrea_punctata	0.0428128420071293	-0.491210221965743	0.190642766284527	-0.000213568998597995	0.00167660716570794	0.0127729601915784	-0.0167949193258713	-0.00073276048657875	0.00689008326878333	0.0932782033871907	0.00696651062767783	1	1	1	0	0	0	0.855	1.37	0.046875	0.595125	0
platythyrea_schultzei	0.0428512149867577	-0.491998878814633	0.191290092445953	-0.000214534206334404	0.00168564018713247	0.0128716743692941	-0.016932693822288	-0.000739765256036517	0.0069611372367767	0.0943046304565547	0.00706259714991617	1	1	1	0	0	0	0.89	1.295	0.0355	0.171875	0
pogonomyrmex_badius	-0.110238366905925	0.00119343797675714	-0.066696387020196	0.046381700660621	0.053659754809987	0.179189790267758	-0.0155511985925349	-0.0075232966766555	0.03792280078414	0.263014976356161	-0.152492310187961	0	1	0	0	0	1	0.755	1.245	0.0635	0.20775	0
prionopelta_amabilis	0.0391584037724677	-0.40090674988067	0.0446707736742083	0.000310001271532781	0.085327979723382	0.0317293864738258	-0.03892167905232	-0.00149800048802398	0.0134558833253056	0.175966652292985	0.0116159907183702	0	1	0	0	1	0	0.86	1.305	0.128	0.51525	0
proceratium_croceum	0.0391696566376903	-0.39686704539582	0.0198311984459781	0.000442407445631847	0.112030848415325	0.0414125638259243	-0.0511456236117133	-0.00201682867445023	0.0183996243684634	0.244271955077531	0.0171872274546321	0	1	1	0	0	0	0.545	1.02	0.13775	0.202	0
rhytidoponera_mayri	-0.00299357156648622	-0.123640168392082	-0.195523761272071	0.0267841514060617	0.159602737036617	0.321799174863087	-0.255266897669175	-0.0146975008620157	0.121002003487998	1.56688434204262	0.609438651161373	1	1	0	0	1	0	0.615	1.275	0.020375	0.068125	1
streblognathus_aethiopicus	0.0519928486675993	-0.716399696794887	0.548791999770453	-0.00148792189062794	-0.200987520088829	-0.0330413733203466	0.036790274082148	0.00114458033409164	-0.00943344338371463	-0.115947871392155	-0.0070084696092708	1	1	1	0	0	0	0.675	1.015	0.0475	0.1215	1
strumigenys_membranifera	-0.256832523672064	0.16122116395313	0.0864950070089553	-0.42672348735194	-0.00313826367747812	-0.0361336409821123	-0.00288534136432779	-0.0212025902705895	0.86399786989654	-0.142882785326617	0.0904148156589417	0	1	0	0	1	0	0.755	1.36	0.01625	0.451625	1
strumigenys_rostrata	-0.257652145155274	0.162151834960548	0.0875780612087667	-0.433953225741193	-0.00320247693665371	-0.0372334551435313	-0.00297927468186918	-0.0220250629018816	0.900615333858667	-0.149421493479237	0.0958672007324863	0	1	0	1	0	0	0.49	1.01	0.122125	0.208875	0
acanthomyrmex_ferox	-0.230533315674457	0.12913653428292	0.0328739023669714	0.287569575303073	-0.0340394191226927	-0.0762111791240903	-0.0186866247436819	-0.259050615648331	-0.0234508533242807	-0.0183890712785971	0.0023584731049859	0	1	1	0	0	0	1.045	1.37	0.286375	0.46325	1
acanthomyrmex_notabilis	-0.230543591729063	0.129146837399116	0.0328794383176284	0.287633951581866	-0.0340484946145493	-0.076240251657646	-0.0186941873907457	-0.259172607410984	-0.0234627570688621	-0.0183990240843081	0.00236006832303428	0	1	1	0	0	0	1.28	1.28	0.227625	0.227625	1
acromyrmex_balzani	-0.239609444031209	0.14120090192356	0.0615090355953953	-0.250007941957106	-0.00147182484196913	0.0141872902647653	0.0120508198680419	-0.0097645290878936	0.190875506241259	-0.0079908359949522	-0.050741163139009	0	0	0	0	1	0	0.885	1.375	0.149875	0.21875	0
acromyrmex_octospinosus	-0.239841575234167	0.141446083303303	0.06173524388321	-0.251232856976625	-0.00148042764461624	0.0143064742946731	0.0121583205948545	-0.009866150138806	0.193019836923408	-0.00808668179629837	-0.0515058403175877	0	0	0	0	0	1	0.855	1.37	0.1325	0.908875	0
acromyrmex_subterraneus	-0.23955642846735	0.141144815625599	0.061457079145346	-0.249725882582461	-0.00146984000066574	0.0141596467628182	0.0120258595614643	-0.00974086205783187	0.190375259128834	-0.00796844166970513	-0.0505613809355963	0	0	0	0	0	1	0.84	1.37	0.1505	0.3015	0
aneuretus_simoni	0.0328751548842484	-0.235439069797832	-0.434722989719767	-0.035695847626798	-0.138178394020088	0.0114556289661916	-0.0174916523522478	-0.000813767987034863	0.0074240206152557	0.0960632134977303	0.00511474097477313	0	1	0	1	0	0	1.12	1.32	0.28875	0.492125	1
anochetus_kempfi	0.052328506219995	-0.72473030198828	0.562479841543497	-0.0015377625784229	-0.209069737658689	-0.0349841436963587	0.0390954785970973	0.00122910615648353	-0.0101897693573109	-0.12592581433106	-0.0077829085884428	0	1	0	1	0	0	1.27	1.27	0.225375	0.225375	0
anoplolepis_gracilipes	0.322280591951259	0.0875229741529907	-0.0326411281310672	0.0036720711229115	0.0570548441450243	0.257196563426567	-0.548180586907903	0.00592587314967077	-0.0242339429320593	-0.186534006808929	-0.00188655836379115	0	0	0	0	0	1	0.835	1.475	0.0445	0.660375	1
atopomyrmex_mocquerysi	-0.230155524028418	0.128757543973446	0.0326699915821812	0.285196329843659	-0.0337046298741807	-0.0751368194230857	-0.0184070514272334	-0.254536272393356	-0.0230101027305985	-0.0180203656282934	0.00229925429207824	0	1	0	0	0	1	0.93	1.315	0.0295	0.253875	1
atta_laevigata	-0.239799989551057	0.141402165836494	0.0616947391920257	-0.251013573184368	-0.00147888783831932	0.0142851515504357	0.0121390898745414	-0.0098479761198321	0.192636399874599	-0.00806954555031153	-0.051369199855164	0	0	0	0	0	1	0.975	1.37	0.152375	0.27275	0
atta_texana	-0.239811123829695	0.141413932326179	0.061705609641125	-0.251072485564181	-0.00147930185586821	0.0142908972338431	0.0121442741165578	-0.00985288163746227	0.192739968724349	-0.0080741771042443	-0.0514062250679837	0	0	0	0	0	1	0.63	1.155	0.035375	0.18725	0
brachymyrmex_patagonicus	0.23380319638064	0.0160918135778955	-0.08290547018599	0.0063677129557269	0.0853378191855847	0.278847885485436	-0.552002351898397	0.00457827674867513	-0.0152030472041943	-0.0896268948762587	0.000592124226767273	0	0	0	0	1	0	0.32	1.34	0.018625	0.5045	1
brachyponera_chinensis	0.0519132679642083	-0.71441544876863	0.54549387128581	-0.0014758263678982	-0.199015318712446	-0.0325603477264458	0.0362178422149843	0.00112341655403286	-0.00924320977696417	-0.113427757715647	-0.0068096248580308	0	1	0	0	0	1	0.475	1.11	0.087875	0.42675	0
camponotus_cruentatus	0.499217000996673	0.239023822845637	0.097778017080495	-0.0047775981676677	-0.0518083850962317	-0.129944221333712	0.254596618507609	-0.00224575787992983	0.00835669449811477	0.0595336986617863	0.000473803862435113	0	0	0	0	0	1	0.165	0.895	0.03725	0.114875	1
camponotus_fellah	0.49980822761104	0.239536837221387	0.0982352111236767	-0.00480789814348267	-0.0522058847629757	-0.1314330446083	0.257718609954147	-0.00227862202727189	0.0084903931120588	0.060562670929139	0.000484602369532933	0	0	0	0	0	1	0.53	1.535	0.000125	0.0705	1
camponotus_floridanus	0.500811690072507	0.240401720819785	0.098992939450728	-0.00485757592696517	-0.052852149883698	-0.133798931926532	0.262656614524879	-0.00232990920232481	0.00869747931619567	0.0621454415805903	0.000500749170364297	0	0	0	0	0	1	0.83	1.26	0.1255	0.197	1
camponotus_herculeanus	0.500795244924923	0.240387523787798	0.0989804520012937	-0.00485675526770957	-0.052841454552679	-0.133759595263386	0.262574437811223	-0.00232905354336523	0.0086940196676689	0.0621189670932303	0.000500477830935587	0	0	0	0	0	1	-0.525	0.865	0.02	0.269375	1
camponotus_mus	0.499380258772417	0.239163944903431	0.0978994617951847	-0.00478550541628457	-0.0519106959169127	-0.130313210056323	0.255364378588263	-0.00225366083147935	0.00838844382369527	0.059775223236453	0.000476220284347627	0	0	0	0	1	0	0.71	1.34	0.028375	0.43475	1
camponotus_pennsylvanicus	0.499804270634623	0.239533440875683	0.0982322669414443	-0.00480770641204073	-0.0522034035160003	-0.131424089774435	0.25769997429476	-0.00227843009371661	0.00848962176508047	0.0605568010370067	0.00048454354093344	0	0	0	0	0	1	0.02	1.045	0.028375	0.226125	1
camponotus_sanctus	0.500186580529233	0.239859835865959	0.098511148379072	-0.00482568997997663	-0.0524342710503963	-0.132237746338134	0.259384440681823	-0.00229550836434235	0.00855762219106117	0.0610696963568653	0.000489482728475163	0	0	0	0	0	1	0.745	0.995	0.036875	0.115	1
camponotus_vagus	0.500154670922203	0.239832425805279	0.098487341303202	-0.0048241377633802	-0.052414165215072	-0.132165012318993	0.259233005319303	-0.00229394665832308	0.00855134154858813	0.0610218708247037	0.000489002253464657	0	0	0	0	0	1	-0.005	0.9	0.02475	0.17725	1
camponotus_yamaokai	0.499167997238567	0.238981806504079	0.0977416950181873	-0.00477523706858497	-0.0517778733335607	-0.129834549553128	0.254368578897207	-0.00224341512941204	0.00834729292999523	0.0594622498949863	0.000473091891472957	0	0	0	1	0	0	0.76	0.81	0.18575	0.4195	1
cardiocondyla_obscurior	-0.235324610971291	0.134109883916906	0.0358233004723117	0.324447014845858	-0.0395785820101567	-0.0982922641947583	-0.0247656944290836	-0.378759678689757	-0.0369710564131137	-0.0317929775506765	0.0474399341900473	0	1	0	0	1	0	1.115	1.13	0.162625	0.267875	1
carebara_overbecki	-0.233738873118877	0.13232608310965	0.034520998268869	0.305813982253904	-0.0364643570698603	-0.081501872761598	-0.0198366062156289	-0.261388727008924	-0.0221689264087429	-0.0154972702515847	-0.0398836092098257	0	1	0	0	1	0	1.345	1.345	0.29375	0.29375	0
carebara_perpusilla	-0.234410071917353	0.133008149026566	0.0348992735347353	0.310288955582602	-0.037102075858601	-0.083560714712472	-0.0203692537209873	-0.269600949119977	-0.022921991690014	-0.0160601708977356	-0.041714853076437	0	1	0	0	1	0	0.915	1.355	0.05525	0.228875	0
cataglyphis_iberica	0.34456740582168	0.102124391573193	-0.031089994162337	0.00409301875047327	0.068277721922931	0.364925091835697	-0.805795975822777	0.00968592736317043	-0.042193620906093	-0.345310594261733	-0.0046747085356528	0	0	0	0	1	0	0.78	0.895	0.03525	0.07725	1
cataglyphis_nigra	0.344602512823003	0.102143021342069	-0.0311019740283324	0.0040951163620628	0.068319411356721	0.365244215413533	-0.80654370884788	0.00969639178539787	-0.0422427725907873	-0.345739625936433	-0.0046819754314343	0	0	0	0	1	0	0.685	1.09	0.036625	0.0735	1
cataulacus_muticus	-0.230825897865682	0.129349045762508	0.0328457871378935	0.285812679869575	-0.0335934576124687	-0.0720494799455567	-0.01738127097596	-0.223090852221547	-0.0186340550861308	-0.0128390847685809	-0.0310200893397361	0	0	0	0	1	0	1.3	1.335	0.321	0.374375	1
cephalotes_atratus	-0.246396899968239	0.149505499584698	0.0735230957979607	-0.345509082097283	-0.00248210013038306	-0.046065973081076	-0.0149818959046328	0.00046724438499402	0.046565152772841	-0.0078914781826286	-0.00985522497954513	0	0	0	0	0	1	0.94	1.395	0.1485	0.513625	1
cephalotes_goniodontus	-0.247109945452611	0.150281784771075	0.0743338275175813	-0.35059340491724	-0.00252573124076436	-0.047233967346928	-0.0153855590238167	0.00048196200971938	0.048150291944359	-0.00817860082202157	-0.0103076970683843	0	0	0	0	0	1	0.87	1.305	0.100125	0.18575	1
cephalotes_pusillus	-0.247093472908555	0.150263878767469	0.0743151994773093	-0.350476869237367	-0.00252473308704569	-0.0472073841139307	-0.0153763813875416	0.000481628394527763	0.0481144204782487	-0.00817211327170613	-0.0102975370547446	0	0	0	0	1	0	0.85	1.375	0.02775	0.40075	1
crematogaster_ashmeadi	-0.245872965145978	0.145408740901158	0.043113829744209	0.420961419743067	-0.0547672914812817	-0.167830019139662	-0.0445073217400983	-0.805657163025253	-0.0879743379648277	-0.0852002050612543	0.280127285461431	0	0	0	0	0	1	0.565	1.26	0.061875	0.211875	1
cryptopone_gilva	0.0486701982704833	-0.63199642433808	0.401343900161237	-0.000928791681278787	-0.107317991692956	-0.00831675332958443	0.0068568036856562	-2.06406813337132e-05	0.00136224708347549	0.0312641270796218	0.00620650093671163	0	1	0	1	0	0	0.675	1.3	0.06675	0.49475	0
cyphomyrmex_rimosus	-0.238204852547551	0.13971826465974	0.0601432695949863	-0.242619606828428	-0.00141997464884829	0.0134704253502607	0.0114044968092877	-0.0091542832821991	0.178007078491488	-0.00741600151036667	-0.0461662622804687	0	0	0	0	1	0	0.605	1.36	0.0365	0.512875	0
daceton_armigerum	-0.233191508538532	0.134434708302209	0.0552955066600123	-0.216459966853817	-0.00123674164525573	0.0109500814918594	0.00913451836873853	-0.007017326539334	0.133017886284944	-0.005409324601525	-0.0302908062666135	0	1	0	0	0	1	1.07	1.37	0.168625	0.4105	1
dolichoderus_thoracicus	0.037580628204186	-0.303710782814933	-0.833212838623403	-0.098914959542173	-0.58648545493003	-0.107137701992908	0.098615242578858	0.00213892313872013	-0.0150110492017771	-0.160039025275656	-0.00493526888927687	0	0	0	0	0	1	0.97	1.37	0.139875	0.5015	1
forelius_damiani	0.0377982166907163	-0.306919127118167	-0.852735958545357	-0.102096634593228	-0.609530631711877	-0.113604506249418	0.105025056473486	0.00230789725216104	-0.016321480914288	-0.175286569035022	-0.00558380614405057	0	0	0	1	0	0	0.855	1.4	0.075625	0.5045	1
formica_cinerea	0.343549281834557	0.10157881583605	-0.0307302422354912	0.0040290046963016	0.0669892738039193	0.354711422611897	-0.781690236225017	0.0093414014739016	-0.0405560264042667	-0.330857714741237	-0.00441840530641123	0	0	0	0	0	1	0.055	0.76	0.059625	0.1705	1
formica_exsecta	0.343036553082703	0.101307200384207	-0.0305563769674134	0.00399865458063467	0.0663875556892907	0.350138014840647	-0.77099076790359	0.00919234432609313	-0.0398577538731377	-0.324777984098937	-0.00431655204403093	0	0	0	0	0	1	-0.1	0.475	0.03025	0.2605	1
formica_fusca	0.34331503464228	0.101454650171863	-0.0306506409993195	0.0040150960803693	0.066713317913608	0.35260976169516	-0.776771385102243	0.00927279477721487	-0.0402344202750237	-0.328055852713537	-0.0043713502848476	0	0	0	0	1	0	-0.085	0.915	0.03575	0.255875	1
formica_glacialis	0.343638269062683	0.101625941520718	-0.0307603841511305	0.00403426367823413	0.0670934976383737	0.35550276203812	-0.78354118142408	0.00936717197839283	-0.0406767104917457	-0.331908166747701	-0.00443598170070263	0	0	0	0	0	1	0.08	0.33	0.0865	0.172625	1
formica_japonica	0.343026075642263	0.101301661403666	-0.0305528497371661	0.00399804086993207	0.0663754190019383	0.350046395600127	-0.77077672178515	0.00918937417425553	-0.039843870502482	-0.324657348369723	-0.00431454749312033	0	0	0	0	0	1	0.295	0.96	0.087875	0.4195	1
formica_lugubris	0.3436165813666	0.10161438753597	-0.0307528822648199	0.00403294240049663	0.0670671210204957	0.35529852970094	-0.783061579660927	0.0093604183893634	-0.04064488351787	-0.331629534830826	-0.00443120969453217	0	0	0	0	0	1	-0.14	0.785	0.05275	0.255875	1
formica_obscuripes	0.343630076153907	0.101621603928565	-0.030757611719046	0.0040337801709588	0.0670839185822343	0.35543009685702	-0.78337124845321	0.00936480725521017	-0.04066563962502	-0.331811829903259	-0.00443437149555443	0	0	0	0	0	1	-0.055	0.855	0.022875	0.345125	1
formica_paralugubris	0.343470844122173	0.101537221136149	-0.030703546947543	0.0040243369661636	0.0668966116777463	0.354004633065653	-0.780035499455367	0.00931830049023813	-0.0404476803298357	-0.329913340112481	-0.0044025137254847	0	0	0	0	0	1	0.075	0.445	0.081125	0.081125	1
formica_polyctena	0.343595661185617	0.101603313412159	-0.0307458068402028	0.0040317087622469	0.067042685325349	0.35511326036776	-0.782628359222067	0.00935439168267237	-0.0406166731997503	-0.331384091530576	-0.00442710987070913	0	0	0	0	0	1	-0.03	0.46	0.03575	0.098	1
formica_pratensis	0.34364493494479	0.101629470671512	-0.0307626398829397	0.00403465707678037	0.0671012915400823	0.355561886236017	-0.783679448225757	0.00936909606442143	-0.0406857184834653	-0.331986553158281	-0.00443729190103887	0	0	0	0	0	1	-0.325	0.48	0.0345	0.2605	1
formica_rufa	0.343551918913833	0.101580211011223	-0.0307311324032573	0.0040291597676707	0.066992343384147	0.35473465426523	-0.781744539771833	0.0093421561334383	-0.040559556859078	-0.330888415295505	-0.0044189170421449	0	0	0	0	0	1	-0.08	0.805	0.034	0.2605	1
formica_sanguinea	0.343500537857797	0.101552936947594	-0.0307135838171424	0.00402608648853937	0.0669312588835043	0.354267181429837	-0.780649355392347	0.00932683738205177	-0.0404876334924227	-0.330260895537242	-0.00440831541491057	0	0	0	0	0	1	-0.14	0.875	0.0345	0.2605	1
formica_subintegra	0.343583421143943	0.101596831017551	-0.0307416601276568	0.00403098521276683	0.067028345006497	0.355004362439273	-0.782373639214997	0.00935084495651483	-0.040600063044451	-0.331239508642218	-0.0044246903176119	0	0	0	0	0	1	0.07	0.84	0.132125	0.214375	1
formica_truncorum	0.343559288827417	0.101584111932802	-0.0307336242007797	0.00402959416544613	0.0670009469442483	0.354799867271833	-0.781897020532873	0.0093442770162515	-0.0405694835941103	-0.330974775736791	-0.00442035912853893	0	0	0	0	0	1	-0.17	0.8	0.13825	0.2605	1
formicoxenus_provancheri	-0.238119171566167	0.137244344464991	0.0381561106883213	0.359500577171103	-0.0459072069896893	-0.172805017070687	-0.0631390666788227	0.163485350748411	0.000570508847233977	0.00159310226756332	-0.715404121810887	0	1	0	1	0	0	-0.03	0.48	0.045125	0.07475	1
hypoponera_eduardi	0.0484414414622657	-0.626604607063463	0.393851173309237	-0.00090519866504879	-0.104011355104585	-0.00793099767076787	0.0065157992499168	-1.94088676350025e-05	0.0012730710004568	0.0290460462508593	0.00561732878578577	0	1	0	0	1	0	0.485	0.975	0.007125	0.182	1
lasius_brunneus	0.303966282723916	0.069597769468109	-0.053301129855391	0.0052418676152472	0.079720002887054	0.363519522353267	-0.78036413740919	0.0086456051149737	-0.0359042594154043	-0.2804502334019	-0.00299092765009782	0	0	0	0	0	1	-0.015	0.895	0.057125	0.170375	1
lasius_flavus	0.304026137345661	0.0696223753969437	-0.05334121668833	0.00524713422126267	0.0798157597760747	0.364150726045857	-0.781804675564073	0.00866428686244103	-0.0359881644465323	-0.281151176171955	-0.00300038535874093	0	0	0	0	0	1	-0.325	0.86	0.023375	0.261875	1
lasius_fuliginosus	0.303876440619162	0.069560914633869	-0.053241411118319	0.005234048402282	0.079578208348355	0.362591476074433	-0.778249205474383	0.00861829070598643	-0.0357818648073107	-0.279429910952815	-0.00297727802911894	0	0	0	0	0	1	-0.05	0.475	0.02475	0.231375	1
lasius_neglectus	0.303952699983828	0.0695922497727497	-0.053292400468519	0.00524074240015357	0.0796998479955553	0.36339204971638	-0.78007570598648	0.0086419565504128	-0.035888101741837	-0.280317007306382	-0.00298922532499701	0	0	0	0	0	1	0.51	0.79	0.06475	0.06475	1
lasius_niger	0.303944549122902	0.0695888594137497	-0.0532867144853033	0.00523998198168843	0.0796858341679473	0.36329633839171	-0.779855729734183	0.00863904667624997	-0.0358748903952593	-0.28020554903604	-0.00298766216477028	0	0	0	0	0	1	-0.325	0.895	0.01825	0.255875	1
lasius_platythorax	0.303942299728266	0.069587937473257	-0.053285223862711	0.0052397870764814	0.0796823034804527	0.36327329591701	-0.779803248449603	0.00863836999755833	-0.035871861007283	-0.280180316277231	-0.00298732574909607	0	0	0	0	0	1	-0.03	0.805	0.056	0.253875	1
leptomyrmex_erythrocephalus	0.037670356754415	-0.30505259286477	-0.841666814093953	-0.100322365520826	-0.596845829803787	-0.110171387737666	0.101647720901076	0.00222079133373312	-0.0156542804013959	-0.167612501285275	-0.0052727865301648	0	0	0	0	1	0	0.59	1.29	0.13025	0.22375	1
leptothorax_acervorum	-0.238220781412797	0.137349243142729	0.0382177752997753	0.36027379064406	-0.0460249027649747	-0.173440380687267	-0.0633854705908273	0.164228738037982	0.00057330719540636	0.00160143986874347	-0.720096033421103	0	1	0	1	0	0	-0.65	0.61	0.02025	0.2605	1
leptothorax_muscorum	-0.238218410392714	0.137346796071872	0.0382163378164127	0.360255774073837	-0.046022161293085	-0.173425594975114	-0.0633797375391163	0.164211451001786	0.00057324214081076	0.00160124609323826	-0.719987107639257	0	1	0	0	1	0	-0.05	0.625	0.061625	0.2605	1
linepithema_humile	0.0378026232870513	-0.306998261093975	-0.853436700367683	-0.10223348848048	-0.610649547289597	-0.114016260551383	0.105453070033471	0.0023206890289213	-0.0164272416808915	-0.176587672654369	-0.00565145250444863	0	0	0	0	0	1	0.735	1.37	0.0015	0.35875	1
liometopum_occidentale	0.037115296470695	-0.296888155664851	-0.79227001257912	-0.0922986405070413	-0.538866452220073	-0.093991390416081	0.0856257798375483	0.00179945257081254	-0.0123904299896784	-0.129670341333458	-0.00366246466723667	0	0	0	0	0	1	0.17	1.105	0.012375	0.247625	1
manica_rubida	-0.0916208915337753	-0.0222791142562929	-0.0953504777820803	0.0493430437487313	0.0800244374634287	0.258271774160778	-0.0533502692925157	-0.012356312774041	0.0713076569130717	0.592178123878093	-0.45020645803811	0	1	0	0	0	1	-0.015	0.485	0.071	0.25575	1
melophorus_bagoti	0.337354700090193	0.098271412622663	-0.0285700672597314	0.0036470304861205	0.0593394731157297	0.294927771908768	-0.641018486413163	0.00734871795293757	-0.0311328919055555	-0.248092691317007	-0.002980744797352	0	0	0	0	0	1	0.845	1.38	0.022	0.08425	1
mesoponera_caffraria	0.052046813465535	-0.7177319000718	0.55095126908444	-0.00149571637745739	-0.202242960134706	-0.0333376150196787	0.0371404454654157	0.00115728016296941	-0.0095463827680266	-0.117429388410281	-0.00712080423819917	0	1	0	1	0	0	0.72	1.345	0.048125	0.29575	1
monomorium_pharaonis	-0.218370444998719	0.113639470373627	0.0147565704950721	0.120126560564572	0.0134856803500912	0.876180253059093	0.537807420327313	0.195757746051954	-0.195972160558746	-0.266263838527458	0.195235461138531	0	1	0	0	0	1	0.915	1.43	0.0285	0.233625	1
monomorium_rothsteini	-0.21838431512086	0.113652391640415	0.0147601132479956	0.120164907932858	0.01349080838503	0.876657181981013	0.53811802464552	0.195889335666276	-0.196114178155956	-0.266469608194644	0.195424119187565	0	1	0	0	0	1	0.965	0.965	0.082	0.082	0
myrmecia_pyriformis	0.0322938615214111	-0.224238443399973	-0.322866356302725	-0.0125041888835209	0.059939957462499	0.0937779239919073	-0.105377094765655	-0.00366672731334577	0.0322546900781179	0.41770332927476	0.0271007005237569	1	1	0	0	0	1	0.66	1.07	0.021625	0.205125	0
myrmecocystus_mexicanus	0.303570285614946	0.0694354546777157	-0.0530386513943277	0.00520754405518257	0.07909818884085	0.359460568741117	-0.771119161444667	0.00852639053583207	-0.035370523654525	-0.276004348733418	-0.0029316414028847	0	0	0	0	0	1	0.075	1.11	0.01825	0.0695	1
myrmecocystus_mimicus	0.30400043029654	0.069611834987706	-0.0533241579469357	0.00524490234613253	0.0797753103458527	0.363886399598043	-0.781202491185287	0.008656516664378	-0.035953363985198	-0.280861201036713	-0.00299651328855067	0	0	0	0	0	1	0.705	1.16	0.028	0.066125	1
myrmica_incompleta	-0.0929415667490683	-0.0228609837842139	-0.100774266972304	0.0531502124798853	0.087495365652042	0.294314655129027	-0.061321179707035	-0.0145618760716904	0.0852336486298373	0.717212653645347	-0.576067398098907	0	1	0	1	0	0	-0.465	0.78	0.02775	0.345125	1
myrmica_rubra	-0.0928001823556253	-0.0227986077691811	-0.100190855437547	0.052739815961648	0.0866886991998177	0.290405579080337	-0.060455902584896	-0.0143218337001374	0.0837158397656923	0.70356705690337	-0.562258499004357	0	1	0	0	0	1	-0.085	0.805	0.03575	0.2605	1
myrmica_ruginodis	-0.0927522482567217	-0.0227775220582227	-0.0999950944447077	0.05260275073257	0.086420258656347	0.289117380204575	-0.060171325449191	-0.0142433352559877	0.083221057030525	0.699131737346307	-0.557822722857317	0	1	0	0	1	0	-0.17	0.89	0.049875	0.254625	1
myrmica_sabuleti	-0.0927549147017627	-0.0227786943852456	-0.100005964029192	0.0526103549442667	0.086435141886268	0.28918867927498	-0.060187070689418	-0.0142476741354785	0.0832483902586603	0.699376632907897	-0.55806714341411	0	1	0	0	0	1	0.035	0.77	0.058375	0.2905	1
myrmoteras_barbouri	0.359292659731507	0.119092884121217	-0.00577528978751367	0.00194697840934981	0.035008622492264	0.181047885433797	-0.39148476802943	0.00437267219759847	-0.0181535589233504	-0.141547838359015	-0.00150962240036739	0	0	1	0	0	0	1.245	1.35	0.286375	0.462	0
myrmoteras_iriodum	0.359365486095243	0.119136117276157	-0.0057797217116253	0.00194896651487979	0.035051229493949	0.18136378157767	-0.392209739057293	0.00438210538071197	-0.0181957996295842	-0.141899228406687	-0.00151431690398746	0	0	1	0	0	0	1.245	1.34	0.286375	0.3425	0
myrmoteras_toro	0.359208714818913	0.119042984595359	-0.00577015742580003	0.0019446712894659	0.034959099087401	0.180679117115505	-0.390637714900857	0.0043616229186731	-0.0181040128875036	-0.141135152611424	-0.00150408071164448	0	0	1	0	0	0	1.04	1.04	0.251875	0.251875	0
nesomyrmex_echinatinodis	-0.234261160229157	0.133023425484452	0.0352083322884933	0.317024436717812	-0.0384981051149327	-0.0944327943111223	-0.0237329276318415	-0.360324384949057	-0.0350280690251333	-0.0300086109386714	0.0440912113330163	0	1	1	0	0	0	0.83	1.365	0.100125	0.512875	1
nesomyrmex_spininodis	-0.234715284644313	0.133485702526845	0.035467594540419	0.320135399774357	-0.0389488910138023	-0.096022990893029	-0.0241573602380684	-0.367844782347233	-0.035817396202682	-0.0307307215554701	0.0454252250136293	0	1	0	1	0	0	1.065	1.365	0.128	0.472	1
nylanderia_fulva	0.30834719839886	0.0714313878405387	-0.0564330488776877	0.00566639577315443	0.0876342530834417	0.41956388743421	-0.91024896249288	0.0104085089225182	-0.0440340846422183	-0.350089735715517	-0.00403934476266583	0	0	0	0	0	1	0.805	1.335	0.0135	0.461875	1
ocymyrmex_foreli	-0.235046933056759	0.133825679163073	0.03566168874896	0.322490738549492	-0.0392931783197843	-0.0972666622019343	-0.0244909165763572	-0.37383773894787	-0.036451309356256	-0.0313148178448699	0.0465361699794313	0	0	0	0	1	0	0.79	1.115	0.0485	0.103	1
odontomachus_affinis	0.0523253683231323	-0.72465290613154	0.562354675813603	-0.00153731139560365	-0.208997146439078	-0.0349670657403073	0.039075304013261	0.00122837575995767	-0.0101832803286791	-0.125840769580472	-0.00777648392371493	0	1	0	0	1	0	0.805	1.27	0.158125	0.3605	1
oecophylla_longinoda	0.333335190436783	0.0961657053032363	-0.0272614842792615	0.0034230688836677	0.0549693623284777	0.263209522017735	-0.567550838096953	0.00635525737787143	-0.0265593074040437	-0.208926611140533	-0.00237107732740136	0	0	0	0	0	1	0.845	1.485	0.057375	0.547125	1
oecophylla_smaragdina	0.333336719105893	0.0961664947449283	-0.0272619567485569	0.00342314775990767	0.054970871039831	0.263219861466542	-0.567574492202867	0.00635556563666743	-0.0265606961450186	-0.208938260407857	-0.00237124260478897	0	0	0	0	0	1	0.65	1.465	0.08375	0.61125	1
orectognathus_versicolor	-0.235487829616526	0.136824549112239	0.0574160803198287	-0.227649915895359	-0.00131371728568393	0.0119547160130516	0.0100291026235018	-0.00783127968082757	0.14981510742098	-0.00614439808628973	-0.035633509815665	0	1	0	1	0	0	0.63	1.025	0.135625	0.226875	0
paratrechina_longicornis	0.307716178067683	0.0711693360528087	-0.055994372730192	0.0056076975262495	0.0865510181724747	0.41210528061485	-0.893063795755933	0.0101791647051315	-0.0429864908566163	-0.341195438297503	-0.00391029646282593	0	0	0	0	1	0	0.92	1.47	0.006375	0.680875	1
pheidole_bicornis	-0.267062362401187	0.173911094351706	0.106028364843654	-0.5925246029641	-0.00502041244184163	-0.193755738902582	-0.0822708537142323	0.0305400188729263	-0.56016371406547	0.044385283735945	0.0159197991367633	0	0	0	0	1	0	0.855	1.315	0.336	0.584875	0
pheidole_dentata	-0.267655907092196	0.174605339549258	0.106929676204744	-0.59925788171346	-0.0050886532471742	-0.197568393464663	-0.0839924665208167	0.0312887629194359	-0.5750235480842	0.0456451446769887	0.0164926024526876	0	0	0	0	1	0	0.535	1.305	0.0275	0.77525	1
pheidole_megacephala	-0.267305249056267	0.174233633167916	0.106595799798237	-0.59761677090001	-0.00507976525174247	-0.198595609575504	-0.084634392724939	0.0318336862048601	-0.589499387316583	0.0472099013863473	0.0182370025165607	0	0	0	0	0	1	0.665	1.415	0	0.6085	1
pheidole_morrisii	-0.267024181298048	0.173866582523357	0.105971057879311	-0.5920987409169	-0.00501611399664097	-0.193518227999979	-0.0821638470952003	0.0304937808639481	-0.55924936108926	0.04430801900893	0.0158851401610513	0	0	0	0	0	1	0.445	1.21	0.10325	0.198625	1
pheidole_spadonia	-0.267057604726719	0.17390554848458	0.106021226952455	-0.592471569609677	-0.00501987722712573	-0.193726177198787	-0.0822575362361077	0.0305342656399905	-0.56004995864345	0.0443756722746987	0.0159154896803818	0	0	0	0	1	0	0.825	1.2	0.022	0.059	1
plagiolepis_pygmaea	0.326156246879029	0.0894268015792403	-0.0341807155060037	0.00390632457882377	0.0614486223119667	0.286610033960231	-0.615204013911907	0.0067879126162484	-0.0280818886991139	-0.218484776854697	-0.00231033112735436	0	0	0	0	0	1	0.08	1.255	0.02175	0.172625	1
pogonomyrmex_barbatus	-0.110276291296582	0.00119417393066693	-0.0667835204366777	0.0464624393859623	0.0537712021607083	0.179724865416461	-0.0156005126887784	-0.00755113461520527	0.0380742911786577	0.264136858547179	-0.153309877631496	0	1	0	0	0	1	0.16	1.425	0.015	0.27125	0
polyrhachis_dives	0.495687061540513	0.235929101453273	0.094941727926162	-0.00458599483479193	-0.049255056527774	-0.119924858973821	0.233369187988534	-0.00201524313804864	0.00740143489848867	0.0520501094272217	0.000388685087366107	0	0	0	0	0	1	0.595	1.37	0.138625	0.51675	1
polyrhachis_laboriosa	0.49549250749362	0.235763310153719	0.094800810993716	-0.00457694225483543	-0.04913922095888	-0.119520960124082	0.232535188210131	-0.00200685855120881	0.00736823198689577	0.0518010751395133	0.00038635856281521	0	0	0	0	1	0	1.035	1.415	0.138875	0.3295	1
polyrhachis_loweryi	0.497008077616127	0.237059556544007	0.0959128722510047	-0.0046488034375977	-0.0500629604911883	-0.122782181329124	0.239286340130631	-0.00207522808155594	0.0076400807401538	0.0538477191485673	0.000405773613089437	0	0	0	1	0	0	0.955	0.975	0.081125	0.08475	1
ponera_coarctata	0.048867420827752	-0.636605892858683	0.407610226320823	-0.000948242677639317	-0.110013366403682	-0.0086213225861321	0.0071242347913947	-2.15878703595248e-05	0.00143004875500985	0.032932812538981	0.00663023790652553	0	1	1	0	0	0	0.195	0.915	0.043125	0.25025	0
prenolepis_imparis	0.306504850338183	0.070665681207372	-0.0551486809017573	0.00549432270064763	0.084455716375275	0.397621879449537	-0.859666875068297	0.00973247567209633	-0.0409436115355253	-0.323831510532503	-0.00365723319913727	0	0	0	0	0	1	0.16	1.18	0.01725	0.3855	1
prenolepis_nitens	0.306502443304193	0.0706646878393093	-0.055147044334073	0.00549410592896843	0.0844517475747567	0.397595138567283	-0.85960553637415	0.00973166752952807	-0.0409399466386327	-0.323800601545016	-0.00365679684424453	0	0	0	0	0	1	0.44	0.875	0.056	0.16975	1
pristomyrmex_punctatus	-0.226673828557609	0.125047680770579	0.0303132789332307	0.254358448430907	-0.0289001292074951	-0.0538379447881423	-0.0124057862785012	-0.12779617168904	-0.0080873281699053	-0.00261783643839515	-0.0602908330398617	0	1	0	0	0	1	0.43	1.33	0.158125	0.42675	1
proatta_butteli	-0.226430282210844	0.12494701376618	0.0305356066901925	0.260215202587452	-0.0302751407331522	-0.076729677492412	-0.0242899005577864	0.0152622447905299	-0.000407099662887987	0.00215037234915029	-0.10747916974288	0	1	0	0	0	1	0.945	1.375	0.23175	0.46325	0
proformica_epinotalis	0.343708195100513	0.101668272399241	-0.0307964058977232	0.00404158209766673	0.067254958828638	0.357086276339247	-0.787424328217507	0.00942863276076437	-0.0409846160881353	-0.334753634634247	-0.00449563035925163	0	0	0	0	1	0	-0.09	0.64	0.023	0.068	1
pseudomyrmex_elongatus	0.0324534504368021	-0.226289793903762	-0.329670182467024	-0.0128749991315139	0.0621547508910803	0.0994107568753103	-0.112276460977798	-0.00396927640219257	0.035258602565486	0.461025266405103	0.0313445784184594	0	1	0	1	0	0	0.75	1.4	0.048625	0.61725	1
pseudomyrmex_ferrugineus	0.0324921656956002	-0.226768701582689	-0.331107429135166	-0.012948376278907	0.0625708431417557	0.100324206123839	-0.113360864770427	-0.0040126422803622	0.03566686057525	0.46662469562994	0.0317857301498979	0	1	0	0	1	0	0.595	1.435	0.046875	0.4915	1
pseudomyrmex_gracilis	0.0324272490688498	-0.225961881527012	-0.328654764101956	-0.0128220472444024	0.06184925298883	0.0987050910082243	-0.11142930965172	-0.0039342368128704	0.034922079193849	0.456320322143607	0.0309402365893979	0	1	0	1	0	0	0.57	1.45	0.00225	0.91025	1
pseudomyrmex_oculatus	0.0325012119196421	-0.226881749523482	-0.331456154422956	-0.0129665160155235	0.0626752893640967	0.100564111871516	-0.113648528979241	-0.00402449906326787	0.0357805062149947	0.46821059106071	0.0319209308668306	0	1	0	1	0	0	0.805	1.375	0.0885	0.61725	1
pseudomyrmex_penetrator	0.0324702630392919	-0.226499827421584	-0.330317609620841	-0.0129086634000648	0.0623485347838577	0.099855637190017	-0.1128098685168	-0.00399125950202833	0.0354693042840977	0.463965610082953	0.0315953564289682	0	1	0	0	0	1	1.195	1.365	0.18675	0.472	1
pseudomyrmex_peperi	0.0324923634087798	-0.226771171725755	-0.331115044114697	-0.0129487722326927	0.062573122296148	0.100329436889391	-0.113367135791425	-0.00401290063334583	0.0356693362026067	0.46665923404205	0.0317886717636217	0	1	0	0	0	1	0.595	1.4	0.080625	0.423875	1
pseudomyrmex_satanicus	0.0323957854771441	-0.225562055613308	-0.327367896550912	-0.012753285977963	0.0614449903650707	0.0977222897664757	-0.110237080977123	-0.00388342685206137	0.034425880867406	0.449275410908787	0.0302956575591735	0	1	0	0	0	1	1.205	1.33	0.266	0.41275	1
pseudomyrmex_tenuis	0.0324211053353225	-0.225880516263706	-0.328366309656973	-0.0128057488770164	0.0617494274163633	0.0984363232121573	-0.111096879049889	-0.0039192938418584	0.0347719546302973	0.454134289145353	0.0307201350981252	0	1	0	0	1	0	0.95	1.39	0.154375	0.61725	1
pseudomyrmex_termitarius	0.0324823391467259	-0.226645783320776	-0.330727331258118	-0.0129285744150817	0.0624566922376127	0.100061177419063	-0.113045272057727	-0.0039996105362905	0.0355418263111083	0.464878250509103	0.0316362837330561	0	1	0	1	0	0	0.84	1.415	0.05325	0.91025	1
solenopsis_geminata	-0.217942280914505	0.113233059052556	0.0146397581831081	0.118824208175997	0.0133074998542656	0.858557264269087	0.526186137054253	0.1906556570319	-0.190355619840656	-0.257976630725575	0.187057987673078	0	1	0	0	0	1	0.575	1.41	0.0275	0.908875	1
solenopsis_invicta	-0.217895718717945	0.113189726694886	0.01462791135291	0.11869623416677	0.0132904150704546	0.856976338486807	0.525157709156687	0.190221450743551	-0.189887960984103	-0.257300369066412	0.186443428782743	0	1	0	0	0	1	0.72	1.37	0.02925	0.281875	1
strumigenys_louisianae	-0.255937908953906	0.1602127278185	0.085343891863295	-0.419137164910957	-0.0030715718452483	-0.035024541843034	-0.0027912113514052	-0.0203936635296778	0.82837145428471	-0.13658585730892	0.0853920639081923	0	1	0	1	0	0	0.68	1.37	0.029375	0.86825	0
tapinoma_erraticum	0.0373304083817653	-0.299982792398921	-0.80991360115762	-0.0950521438440167	-0.55812681729716	-0.098876530678586	0.0903628325841507	0.00191639302775647	-0.0132629758240716	-0.139454445088149	-0.00401473196928493	0	0	0	0	0	1	-0.11	0.995	0.022625	0.257	1
tapinoma_melanocephalum	0.037301155842926	-0.299561699801918	-0.80750905644466	-0.094676516713929	-0.555497370803973	-0.0982082456905593	0.0897145381048617	0.00190037013306441	-0.0131433434593033	-0.138112167348906	-0.00396628739110377	0	0	0	0	1	0	0.835	1.435	0.0445	0.54475	1
tapinoma_sessile	0.0373153956784773	-0.299766604768116	-0.808677977461627	-0.094859008046556	-0.55677422835984	-0.0985323444438913	0.0900288589161173	0.00190813282914713	-0.013201277873406	-0.138761939567138	-0.0039897014269584	0	0	0	0	1	0	-0.095	1.25	0.020125	0.390125	1
temnothorax_albipennis	-0.242710025540079	0.142079221756927	0.0411504956435837	0.398354152466767	-0.0519848286950077	-0.208257005393287	-0.0771164593722933	0.207756176644009	0.00074190400882441	0.00211748295259529	-1.04636194539011	0	1	0	1	0	0	0.3	0.74	0.060875	0.173875	1
temnothorax_ambiguus	-0.244224425582147	0.143676177259374	0.0421427980127863	0.41125671628201	-0.0540063891860917	-0.220101857777636	-0.0817907209618917	0.222600130519504	0.000799457617029407	0.00229380802245639	-1.15827277945327	0	1	1	0	0	0	0.005	0.865	0.05375	0.178625	1
temnothorax_nylanderi	-0.242546203270764	0.141907306386765	0.041044989742099	0.396993090152197	-0.051772888535981	-0.207035959099121	-0.0766362737639423	0.206246420377329	0.000736083035458237	0.00209974161140542	-1.0353386507528	0	1	0	0	1	0	-0.11	0.82	0.054125	0.257	1
temnothorax_rugatulus	-0.243526863139708	0.142939388172699	0.0416830638530247	0.40526300199151	-0.053065342503179	-0.214556387927265	-0.0795997622459167	0.215618612406752	0.00077233668983027	0.00221057105233663	-1.10505627392816	0	1	0	1	0	0	-0.005	1.05	0.01825	0.297125	1
tetramorium_bicarinatum	-0.251711841369246	0.152179232004357	0.0487052028377953	0.51196559327375	-0.0723492167716073	-0.41241739416982	-0.172279032622217	0.863929994920903	0.00877980535850923	-0.0212581278083716	0.498958901196983	0	1	0	0	0	1	0.835	1.375	0.039625	0.6085	1
tetramorium_tsushimae	-0.249449837977084	0.149719454457046	0.0470228492409393	0.488272752927053	-0.0683373762581193	-0.379155870419403	-0.15748907261378	0.776799734710253	0.00782025459792383	-0.0187687108653986	0.424473394311727	0	1	0	0	0	1	0.165	0.93	0.013	0.42675	1
wasmannia_auropunctata	-0.229490546162895	0.130259444149596	0.0504524698768573	-0.183511004536815	-0.00093191145130168	0.0220573498302411	0.0133946009776599	-0.00753434361508097	0.117347898104064	-0.000195731807755269	-0.0351215370065977	0	1	0	0	1	0	0.69	1.395	0.002	0.908875	1
xenomyrmex_floridanus	-0.230174878269817	0.128776934496787	0.0326803903112957	0.285317108092368	-0.0337216407283923	-0.0751911740742223	-0.0184211834100344	-0.254763895789131	-0.0230322955191676	-0.0180389071040669	0.00230221696037812	0	1	1	0	0	0	1.025	1.26	0.1255	0.196625	1
