species	c1	c2	c3	c4	c5	c6	c7	c8	c9	c10	c11	gamergates	sting	size_1_quart	size_2_quart	size_3_quart	size_4_quart	min_temp	max_temp	min_prec	max_prec	eat_sug_liq
acanthognathus_ocellatus	-0.233236963890717	0.134480422292807	0.0553325005905013	-0.216643339807095	-0.0012379401121591	0.0109635055292887	0.0091460708054348	-0.0070267950836858	0.133201326695746	-0.00541687151559367	-0.0303315480677087	0	1	1	0	0	0	0.84	1.33	0.14275	0.662	0
acanthognathus_rudis	-0.23322493939469	0.134468011312813	0.0553217191514023	-0.216587213817049	-0.0012375580928095	0.0109586629342241	0.0091417845715732	-0.00702296244395803	0.133123005036903	-0.00541347501430437	-0.0303077698559171	0	1	1	0	0	0	0.805	1.22	0.156625	0.3605	0
acromyrmex_coronatus	-0.239851864462139	0.141456945609187	0.0617452531388667	-0.251287014627778	-0.00148080777436504	0.0143117321033927	0.0121630614337805	-0.0098706274757172	0.193114265110347	-0.008090900465031	-0.051539432990999	0	0	0	0	0	1	0.845	1.345	0.152375	0.595125	0
acromyrmex_fracticornis	-0.239817128216121	0.141420270503533	0.0617114485890743	-0.251104073701396	-0.00147952354434612	0.014293962538729	0.0121470378443753	-0.00985549125973117	0.192795000553822	-0.00807663546675653	-0.0514257930887367	0	0	0	0	0	1	0.685	1.255	0.04125	0.176125	0
acromyrmex_landolti	-0.239858996001747	0.141464474852292	0.0617521922452357	-0.251324564370419	-0.00148107135530379	0.0143153786433919	0.012166349574852	-0.00987373324567483	0.193179771134132	-0.00809382719459463	-0.0515627440840577	0	0	0	0	1	0	0.93	1.37	0.1385	0.331125	0
acropyga_epedana	0.324877934265566	0.0887984260913443	-0.0336716734261047	0.00382878702147473	0.0599930523372723	0.276843555629449	-0.592939098779493	0.00650116416315517	-0.0268009591979181	-0.207841535323463	-0.00216877652629542	0	0	0	1	0	0	0.575	1.085	0.06025	0.12025	1
aenictus_laeviceps	0.0372467643177947	-0.314083511336253	-0.37547220299528	0.00331121256825564	1.05893382061885	-0.264054217691548	0.219234905685997	0.00404264748130647	-0.0269061675639179	-0.275899549890505	-0.0073415819419679	0	1	0	0	0	1	1.17	1.37	0.1965	0.517875	0
anochetus_bequaerti	0.0523271807800783	-0.7246974417581	0.562425997471737	-0.00153756685873363	-0.209038042178273	-0.034976552609477	0.0390864780583047	0.00122877683406714	-0.0101868261313203	-0.125887027961993	-0.00777991157784667	0	1	0	1	0	0	0.79	1.305	0.06125	0.40725	0
anochetus_diegensis	0.0523293283226373	-0.7247510985856	0.562515639823167	-0.00153789664500838	-0.209091943160377	-0.034989782284751	0.0391022414438763	0.00122936169930071	-0.0101920934789917	-0.125956930235151	-0.0077854656824997	0	1	1	0	0	0	0.985	1.375	0.128	0.41275	0
anochetus_faurei	0.0523549840664713	-0.725387550315677	0.563560159071477	-0.00154169716898197	-0.209707884547029	-0.0351376068468133	0.0392775868405243	0.00123578519080379	-0.0102495401741206	-0.126714440704973	-0.00784414466968857	0	1	0	0	1	0	0.83	0.99	0.10025	0.10575	0
anochetus_katonae	0.052285423335379	-0.723660329766587	0.560718862427607	-0.00153134375407426	-0.208028019286915	-0.0347332003914293	0.038797591050638	0.00121816987861444	-0.0100918459701832	-0.124633135338002	-0.00768232477791977	0	1	0	1	0	0	0.95	1.385	0.0905	0.40725	0
anochetus_levaillanti	0.0523321024882983	-0.7248201914795	0.56263016938369	-0.00153831597868217	-0.209160232061024	-0.0350063854474933	0.039121987459157	0.00123009050101023	-0.0101986384419301	-0.126043563644919	-0.00779228023058617	0	1	0	1	0	0	0.655	1.295	0.0175	0.131	0
anoplolepis_custodiens	0.322267046813697	0.087516389345746	-0.0326359434619579	0.00367129562595057	0.0570404918428797	0.25710396186104	-0.54797118261166	0.00592323862176107	-0.0242223284159649	-0.186438674645818	-0.00188535296487815	0	0	0	0	0	1	0.63	1.33	0	0.246125	1
aphaenogaster_araneoides	-0.180330400738568	0.0727545233530103	-0.0168376395538464	0.0777113859334117	0.0292354511160736	0.28677473796575	0.0759655193254063	-0.0152155581821572	0.06918287130781	0.324827607105542	-0.639763914915523	0	0	0	1	0	0	0.845	1.33	0.24625	0.61725	0
aphaenogaster_gibbosa	-0.179976862791514	0.072498459743237	-0.0167116050598539	0.0769343683280963	0.028885994278745	0.281819549931031	0.07457001877726	-0.0148883394785578	0.0675736954880943	0.316746297763905	-0.61961593531574	0	0	0	0	1	0	0.195	0.895	0.030125	0.18225	1
aphaenogaster_longiceps	-0.178433887494651	0.0713719805512717	-0.0161456105790516	0.07339804129339	0.0272786998501806	0.258346187512939	0.067918317655409	-0.0133002063663864	0.0596828324574473	0.276734829045028	-0.51572300782445	0	0	0	0	0	1	0.655	1.04	0.050125	0.09225	1
aphaenogaster_rudis	-0.178691585559255	0.071557036420333	-0.0162346502481483	0.07393874469567	0.0275189338290138	0.261634798053079	0.0688374508905773	-0.0135108936413616	0.0607053012910307	0.281805350850798	-0.527679382026097	0	0	0	0	1	0	0.22	1.085	0.051125	0.248875	1
apomyrma_stygia	0.0390991328452143	-0.399880608327817	0.0444678325931983	0.000308372387964894	0.0848597078585293	0.0315854172516858	-0.038764969513092	-0.00149517965424511	0.0134530405843354	0.176258881902134	0.0117683696287417	0	1	1	0	0	0	1.26	1.375	0.137	0.33025	0
apterostigma_collare	-0.235479448488301	0.136823482502344	0.057434305590724	-0.227818446217693	-0.00131529762336547	0.0119925724470386	0.0100663645792136	-0.0078752804085946	0.150851571418032	-0.00619530857628433	-0.0361997621853373	0	0	1	0	0	0	1.005	1.33	0.328125	0.61725	0
apterostigma_dentigerum	-0.235437167601155	0.136779478932318	0.0573952485239317	-0.227612265739479	-0.00131387868160135	0.0119740182361064	0.0100498340482946	-0.00786021196806537	0.150540216513756	-0.00618166503034207	-0.0360998608885783	0	0	0	1	0	0	1.045	1.33	0.37375	0.51525	0
atta_cephalotes	-0.239587837804031	0.141178110177629	0.0614880753156487	-0.249894672088472	-0.00147103057147776	0.0141763327220048	0.0120409449288267	-0.00975521705960553	0.190679277648205	-0.00798207604163597	-0.050671625339812	0	0	0	0	0	1	0.77	1.37	0.26675	0.91025	0
atta_colombica	-0.239595123280541	0.141185795137995	0.0614951421282003	-0.249932859263181	-0.00147129833636292	0.0141800263271111	0.0120442735324594	-0.0097583557218028	0.190745415103604	-0.00798502842794647	-0.0506950588453953	0	0	0	0	0	1	0.95	1.4	0.002	0.957875	0
atta_mexicana	-0.23967440908061	0.141269450995557	0.0615721213804427	-0.250349011955091	-0.00147421731921793	0.0142203269985959	0.0120805981989299	-0.0097926250636469	0.19146773829343	-0.00801728141698593	-0.0509513227728903	0	0	0	0	0	1	0.6	1.365	0.022	0.35175	0
atta_vollenweideri	-0.239672363947954	0.141267293222	0.0615701360101813	-0.250338279614848	-0.00147414204380562	0.0142192878448567	0.0120796615901705	-0.00979174151359953	0.191449115721385	-0.00801644991703957	-0.0509447171157937	0	0	0	0	0	1	0.77	1.26	0.072125	0.149375	0
azteca_forelii	0.037988180510267	-0.309704338946392	-0.869441901423603	-0.104794434268198	-0.628932639927067	-0.118944417646495	0.110296896999585	0.0024452916641433	-0.017380200226646	-0.187532626165114	-0.0060922101212116	0	0	0	0	0	1	1.015	1.4	0.075625	0.584875	1
blepharidatta_conops	-0.22901290702098	0.129774080925459	0.050055458555432	-0.181590674731359	-0.00092029401838667	0.0216636374487069	0.0131409141534159	-0.0073682327994851	0.114558519189731	-0.00019076992255537	-0.0340079251469907	0	1	0	1	0	0	1.155	1.295	0.192375	0.19275	1
brachymyrmex_depilis	0.23374335503814	0.0160844403413558	-0.0828252565521187	0.00635952058112863	0.0852070320419	0.278236077856788	-0.550717309522003	0.00456587095028087	-0.0151586340255093	-0.0893476705504407	0.000589817348554957	0	0	0	1	0	0	0.08	1.285	0.015	0.3855	1
camponotus_aethiops	0.499752833916557	0.239489321863968	0.098194085899592	-0.00480522253874057	-0.052171284132883	-0.131308406820444	0.257459326402235	-0.00227595438471211	0.00847967840071133	0.0604811744869217	0.00048378721913256	0	0	0	0	0	1	0.245	0.935	0.03025	0.17725	1
camponotus_americanus	0.50012125425644	0.239806183213777	0.0984701702507903	-0.00482325971252517	-0.052405290390086	-0.132158649242661	0.259231172116696	-0.00229427486256512	0.00855346619132873	0.061043823323868	0.000489472195858173	0	0	0	0	0	1	0.125	1.04	0.029875	0.225125	1
camponotus_castaneus	0.500032691179497	0.239729646609835	0.0984026746884083	-0.00481881690994803	-0.0523473188898763	-0.131944755977838	0.258784055095141	-0.00228961107357943	0.00853459119443407	0.0608992594857207	0.000487985531166317	0	0	0	0	1	0	0.445	1.17	0.066375	0.205125	1
camponotus_chromaiodes	0.50018621710668	0.239859509286118	0.098510833262995	-0.00482566815143407	-0.0524339755014413	-0.132236552838437	0.259381903431552	-0.00229548066134056	0.00855750735585743	0.0610687980264067	0.00048947273990008	0	0	0	0	0	1	0.305	0.955	0.050375	0.225125	1
camponotus_compressus	0.499302034251173	0.239103711773232	0.0978627555859503	-0.00478376865504753	-0.0518948932029133	-0.1303233774369	0.255414791969522	-0.00225505782161742	0.0083960634620202	0.0598474489642803	0.00047754318881258	0	0	0	0	0	1	0.76	1.42	0.14725	0.61125	1
camponotus_consobrinus	0.499617090076313	0.23937273687643	0.0980928609279727	-0.00479862394537873	-0.0520858238473197	-0.130999334988866	0.256815852437356	-0.0022693190366246	0.0084529941404997	0.0602779835709773	0.000481745725929623	0	0	0	0	0	1	0.515	1.115	0.022	0.18625	1
camponotus_crassus	0.49995589720622	0.239661660028914	0.0983389759319073	-0.00481446245654587	-0.0522888218559463	-0.131711385677436	0.258288454224923	-0.00228420340088657	0.0085121521498833	0.0607234155080717	0.000486002301833153	0	0	0	0	1	0	0.805	1.37	0.051875	0.361125	1
camponotus_dalmaticus	0.499447950142683	0.239221990181768	0.097949653505364	-0.0047887686373018	-0.0519528708327373	-0.130464855379174	0.255679715103768	-0.00225690105672041	0.0084014484159222	0.059874063656125	0.000477205603818953	0	0	0	1	0	0	0.645	0.96	0.056875	0.19	1
camponotus_fallax	0.496870242493633	0.237012663846777	0.0960415783550257	-0.00466481111212767	-0.0503517735339887	-0.124717441601689	0.243732421959103	-0.00213425788562919	0.00790949370349607	0.0561369085399777	0.000440028813618733	0	0	0	0	1	0	0.265	0.905	0.048875	0.15625	1
camponotus_foreli	0.499266876163757	0.239066558377922	0.0978148998207383	-0.00477999322012383	-0.0518393107267563	-0.130055139256738	0.254827147263057	-0.00224812321094589	0.00836618001264433	0.0596057388347803	0.000474519853871773	0	0	0	1	0	0	0.655	1.125	0.01275	0.103625	1
camponotus_japonicus	0.500115207431337	0.239800471325603	0.0984640694717423	-0.00482281504453683	-0.052399059625711	-0.132131487998838	0.259172658160996	-0.00229361341195312	0.00855067593211963	0.0610216635629423	0.000489212303225587	0	0	0	0	1	0	0.055	0.35	0.02475	0.42675	1
camponotus_lateralis	0.500444021590693	0.240085722735708	0.0987180736435047	-0.00483963700790383	-0.052619601795474	-0.132955729504544	0.260900155374589	-0.0023117685350535	0.00862446099469813	0.0615889717621947	0.000495138797468663	0	0	0	0	1	0	0.63	1.125	0.027875	0.18425	1
camponotus_ligniperda	0.496846013928993	0.236990350231986	0.0960189046690153	-0.00466319787602473	-0.0503295265418997	-0.124623775824614	0.243531829703065	-0.00213202495296815	0.007900146418348	0.0560631625222753	0.000439183690189523	0	0	0	0	0	1	-0.145	0.875	0.0585	0.25575	1
camponotus_modoc	0.500664895849427	0.240274840879275	0.0988809875398477	-0.00485020359756497	-0.052755914648061	-0.133443395509422	0.261913181466661	-0.00232214716532333	0.00866604696399844	0.0619045641980827	0.000498265588269283	0	0	0	0	0	1	-0.095	1.01	0.01375	0.385875	1
camponotus_nearcticus	0.499716803938997	0.239458403931109	0.098167301231125	-0.00480347902098407	-0.0521487287855753	-0.131227088529878	0.257290135089202	-0.00227421300251247	0.0084726828156682	0.0604279582293757	0.000483254733510103	0	0	0	0	1	0	-0.025	1.185	0.026875	0.198625	1
camponotus_piceus	0.500243036825507	0.239912210963465	0.0985654382486347	-0.0048296046907162	-0.0524888372939207	-0.132474552468129	0.259894823917652	-0.00230129648697124	0.00858210942712247	0.061264803560484	0.000491812562398363	0	0	0	0	1	0	0.075	0.93	0.0395	0.172625	1
camponotus_pilicornis	0.50083307246966	0.240420097966165	0.099008923928849	-0.0048586191187855	-0.0528656728867147	-0.133847963091254	0.26275874948218	-0.00233096402212125	0.0087017250291095	0.0621777975716067	0.000501075369083447	0	0	0	0	1	0	0.42	0.9	0.048375	0.107875	1
camponotus_planatus	0.499560998678847	0.239324620252812	0.098051210560721	-0.00479591404741423	-0.052050778928211	-0.130873096255151	0.256553240992055	-0.0022666172839364	0.00844214285262787	0.0601954519970543	0.000480920437721613	0	0	0	0	1	0	0.665	1.415	0.060375	0.61725	1
camponotus_punctulatus	0.500848747154633	0.240433568394944	0.099020637874629	-0.0048593834947914	-0.0528755804812037	-0.133883875002538	0.262833551722084	-0.00233173642504393	0.0087048337009373	0.062201486257337	0.000501314103675153	0	0	0	0	0	1	0.685	1.3	0.022875	0.291	1
camponotus_rectangularis	0.49946495391594	0.239242256047842	0.0979799704697693	-0.00479128121125123	-0.0519908887220447	-0.130657577908153	0.256104995083807	-0.00226200841156853	0.00842363782448193	0.0600547502131973	0.000479515147273593	0	0	0	0	0	1	1.025	1.39	0.084125	0.505	1
camponotus_saxatilis	0.50066545410188	0.240275976638631	0.0988834322042467	-0.0048504236569884	-0.0527593789889803	-0.133462026538833	0.261954591278449	-0.00232265217691972	0.0086682542970234	0.0619226163900823	0.00049849846114275	0	0	0	0	1	0	-0.145	0.335	0.037125	0.058125	1
camponotus_senex	0.50076348683576	0.24035957644554	0.0989546927675553	-0.00485501384990343	-0.05281827058066	-0.133669479820833	0.262384125939291	-0.00232701081351536	0.00868562306441603	0.0620537478953797	0.00049976942452652	0	0	0	0	0	1	0.855	1.37	0.18	0.512875	1
camponotus_sericeus	0.500292873708383	0.239951096773053	0.0985903172457307	-0.00483084785965023	-0.0525010419178807	-0.132478914591732	0.259886403800954	-0.00230068026807777	0.00857841136641363	0.0612279279453043	0.000491069451843993	0	0	0	1	0	0	0.915	1.535	0.006375	0.61125	1
camponotus_socius	0.49994851376458	0.239655380162672	0.0983336578062617	-0.0048141212656605	-0.0522844577537347	-0.13169613488092	0.258256926977431	-0.00228388488998119	0.00851088593778237	0.0607138763283087	0.000485910603251223	0	0	0	0	1	0	0.78	1.185	0.117	0.20475	1
camponotus_vividus	0.50050557124846	0.240138603939591	0.0987640306667943	-0.00484263468169057	-0.052658444783024	-0.133096406203427	0.261193126364589	-0.00231479226431087	0.00863662722868517	0.0616816577032133	0.00049607193992497	0	0	0	0	0	1	0.92	1.295	0.06825	0.4345	1
cardiocondyla_emeryi	-0.235328261126998	0.134113610562467	0.035825406272571	0.32447240388533	-0.039582274652379	-0.098305423522426	-0.0247692140736547	-0.37882241833836	-0.036977663685249	-0.0317990410273065	0.0474512796612323	0	1	1	0	0	0	0.71	1.415	0	0.23675	1
cardiocondyla_koshewnikovi	-0.235360395632279	0.1341464089423	0.0358439260400693	0.324695590213128	-0.0396147240795757	-0.0984209544042397	-0.0248001085945263	-0.379372836022467	-0.037035612436575	-0.0318522060608925	0.04755065000149	0	1	0	1	0	0	-0.025	0.31	0.02475	0.059	1
cardiocondyla_mauritanica	-0.235324610971291	0.134109883916906	0.0358233004723117	0.324447014845858	-0.0395785820101567	-0.0982922641947583	-0.0247656944290837	-0.378759678689757	-0.0369710564131137	-0.0317929775506765	0.047439934190047	0	1	0	0	1	0	0.505	1.385	0	0.11475	1
cardiocondyla_nuda	-0.235338768385258	0.134124329946028	0.0358314519907457	0.324545209233689	-0.0395928539865327	-0.09834303250171	-0.0247792681368959	-0.379001385043687	-0.036996496401849	-0.0318163113877824	0.0474835016674	0	1	0	1	0	0	0.67	1.35	0.09825	0.80725	0
carebara_diversa	-0.234155229161981	0.132748831344969	0.034754964430985	0.308578117785753	-0.036857862277349	-0.0827687272618087	-0.0201641690404356	-0.266430702683474	-0.022630853508994	-0.0158422586494255	-0.041002066854783	0	1	0	0	0	1	0.98	1.375	0.278625	0.61125	1
cataglyphis_aenescens	0.344600554823753	0.102141982481142	-0.031101306255883	0.00409499946786183	0.0683170885659983	0.365226444179723	-0.80650207374833	0.00969580928240454	-0.0422400370125037	-0.34571575145714	-0.00468157129575577	0	0	0	0	1	0	-0.325	0.945	0.008125	0.121875	1
cataglyphis_bicolor	0.344443667977483	0.102058740881705	-0.0310477963561272	0.00408563220354297	0.068130948092398	0.363802222257177	-0.80316530866314	0.0096491238798584	-0.042020786064883	-0.343802223376587	-0.00464917743662737	0	0	0	0	1	0	0.62	1.405	0.026125	0.23475	1
cataglyphis_bombycina	0.344567921423273	0.102124665516122	-0.0310901708639778	0.00409304974945977	0.068278338929848	0.364929833613773	-0.80580709507519	0.00968608332937153	-0.0421943544041963	-0.345317004131777	-0.00467481760648883	0	0	0	0	1	0	0.685	1.435	0	0.0485	1
cataglyphis_cursor	0.344567618453773	0.102124504380765	-0.0310900666593334	0.00409303143950393	0.0682779740401327	0.36492702022125	-0.805800493470713	0.00968599055835083	-0.0421939176608583	-0.345313183955233	-0.0046747523588917	0	0	0	0	1	0	0.5	0.885	0.048375	0.107	1
cataglyphis_rosenhaueri	0.3445748408965	0.102128336665856	-0.0310925304362881	0.0040934627710471	0.068286545667625	0.36499261430531	-0.80595417642007	0.00968814095378107	-0.0422040171472677	-0.345401331763433	-0.00467624486164397	0	0	0	0	1	0	0.6	0.92	0.051875	0.10125	1
cataglyphis_velox	0.344568226409747	0.102124827472213	-0.0310902751924461	0.0040930680368391	0.068278702692432	0.364932624431017	-0.805813637172583	0.00968617500394323	-0.042194785311346	-0.345320767875143	-0.00467488152450943	0	0	0	0	1	0	0.695	0.92	0.05475	0.1045	1
centromyrmex_sellaris	0.047995833396024	-0.61624105027634	0.379943745805843	-0.000862396686185547	-0.0981206153609037	-0.00727827869062373	0.0059450732600953	-1.74124917064034e-05	0.00113119661124686	0.0255781997529132	0.00476275956427373	0	1	0	0	1	0	0.915	1.37	0.0775	0.261375	0
cephalotes_texanus	-0.247037455974363	0.150202855975634	0.0742513693822277	-0.35007618107028	-0.00252129198259271	-0.0471150788975657	-0.0153444671968645	0.0004804634266569	0.047988867363533	-0.00814935768345063	-0.0102615900848213	0	0	0	1	0	0	0.995	1.285	0.0675	0.108875	1
cephalotes_varians	-0.247160545780867	0.150336915723616	0.0743915179871687	-0.35095564378424	-0.00252884275149182	-0.0473174754347493	-0.0154144347260243	0.000483016384933957	0.048263945312538	-0.00819920287191203	-0.0103402625129307	0	0	0	0	1	0	1.095	1.28	0.1255	0.189	1
cerapachys_sulcinodis	0.0357592927413197	-0.291283887126227	-0.315613044396349	0.00259129293213518	0.779164437395403	-0.158506003237058	0.125175018252572	0.00195487069050413	-0.0116370597652208	-0.105925863421367	-0.00124444055917291	0	1	0	0	1	0	1.085	1.315	0.15225	0.328625	0
crematogaster_auberti	-0.243953408837217	0.14335555465561	0.0417939490076263	0.403530712113513	-0.0520294389545633	-0.155362850643285	-0.040971933496315	-0.729460647622283	-0.0788880786216233	-0.0757025875029953	0.239058415585641	0	0	0	0	1	0	0.405	1	0.01925	0.17725	1
crematogaster_cerasi	-0.244048358319517	0.143455482678509	0.041855532424609	0.404321901333063	-0.052151022704065	-0.155883331128149	-0.0411176120797427	-0.732482047097527	-0.0792405069991317	-0.0760634008007947	0.240485639784753	0	0	0	0	1	0	0.17	1.11	0.03025	0.208875	1
crematogaster_minutissima	-0.247221602441407	0.146862721313458	0.0440676988621023	0.433723682785947	-0.05679245520394	-0.177316109226221	-0.047213174011714	-0.864975682322607	-0.0951163363545537	-0.0927326680588667	0.313936883862946	0	0	0	1	0	0	0.815	1.305	0.04475	0.232125	0
crematogaster_rogenhoferi	-0.245576208859237	0.145094353588492	0.0429166707807777	0.41839899538759	-0.054369850507237	-0.16608268880406	-0.044015447229206	-0.79528051563012	-0.086751920005973	-0.083936889467601	0.274919819391774	0	0	0	0	1	0	0.97	1.37	0.20525	0.40675	1
crematogaster_scutellaris	-0.247471222530785	0.147128478828664	0.0442365537413873	0.435937417541657	-0.0571382238676683	-0.178867226564155	-0.0476517134420493	-0.874347179298867	-0.0962286464847807	-0.0938903861530413	0.31885939436326	0	0	0	0	1	0	0.31	1.015	0.023125	0.174	1
crematogaster_sordidula	-0.245553718216067	0.145070564935103	0.0429018127617853	0.418206380806253	-0.0543400340767453	-0.165952296872432	-0.043978781406278	-0.79450938917548	-0.086661233131129	-0.0838433158722953	0.274536545588292	0	0	0	0	1	0	0.385	0.945	0.01925	0.170375	1
cryptopone_motschulskyi	0.0486537286006473	-0.631613494134737	0.40083016723589	-0.00092721033075758	-0.107100281816003	-0.00829258489045347	0.0068356590992833	-2.05665672424373e-05	0.0013569726461073	0.0311350116473815	0.0061744242787127	0	1	1	0	0	0	0.85	1.31	0.33125	0.652875	0
diacamma_rugosum	0.0485635058302107	-0.629493784874677	0.397910086583843	-0.000918069905388227	-0.105825391138574	-0.00814595104068867	0.00670643794768863	-2.01041075367012e-05	0.00132367602334562	0.0303111394157131	0.00596060062094643	1	1	0	1	0	0	0.85	1.36	0.1025	0.80725	1
dinoponera_australis	0.0486456958383237	-0.63140751479931	0.400485335115473	-0.00092600825451286	-0.106919192095687	-0.0082674821353996	0.00681275429555473	-2.04764613636681e-05	0.00135015347982857	0.0309586428030268	0.00612036662608447	1	1	1	0	0	0	0.84	1.265	0.142875	0.251125	0
dinoponera_gigantea	0.0486489209337037	-0.631482455098847	0.400585708215807	-0.00092631686820268	-0.106961640323532	-0.00827218127505087	0.00681686295628237	-2.0490835710218e-05	0.00135117531489535	0.0309836300440887	0.00612654438649123	1	1	1	0	0	0	0.955	1.355	0.152875	0.3575	0
discothyrea_kamiteta	0.0388877143337833	-0.391721352515693	0.0192796302952903	0.0004258812155215	0.107006691911906	0.0386967897976013	-0.047571349087747	-0.00185070753782822	0.0167542559223037	0.220826000099984	0.0150690151723586	0	1	0	1	0	0	1.085	1.13	0.18125	0.27525	0
dolichoderus_attelaboides	0.037579655734443	-0.303696031255863	-0.83311732219719	-0.0988988742937063	-0.58636631040173	-0.107102598032782	0.0985801694534223	0.00213798040122361	-0.0150036738971347	-0.159952626861836	-0.00493153653253653	0	0	0	0	1	0	0.805	1.41	0.149625	0.508125	1
dolichoderus_mariae	0.0376102871837863	-0.304140255082462	-0.83570629766678	-0.0993091187114323	-0.58927240352504	-0.107868656375041	0.0993295331407517	0.00215698642953568	-0.0151478452393293	-0.161595676261428	-0.00499550556954147	0	0	0	0	0	1	0.22	0.985	0.096875	0.208875	1
dolichoderus_quadripunctatus	0.0375827090535647	-0.303740364698668	-0.833376478173517	-0.0989400156980683	-0.58665815944286	-0.107179817376437	0.0986557619135103	0.00213990165074943	-0.0150182643041788	-0.160119079207989	-0.00493804355870723	0	0	0	0	1	0	-0.11	0.895	0.05575	0.257	1
dorylus_wilverthi	0.0367969418807803	-0.307148372562106	-0.35697635217022	0.00308639133376547	0.970808077990147	-0.229953817113364	0.18867724708211	0.0033530001200658	-0.0218127172598812	-0.218666070645981	-0.0052007621378745	0	1	0	0	0	1	0.975	1.24	0.1485	0.26575	0
dorymyrmex_bureni	0.037894859161769	-0.30832791754187	-0.861060204283577	-0.103427865307558	-0.61903109088581	-0.116163410212276	0.107539905942415	0.00237257593012738	-0.0168161187835942	-0.180967615842061	-0.0058127034336254	0	0	0	0	1	0	0.505	1.335	0.060375	0.221125	1
eciton_burchellii	0.037344877285829	-0.315630499086131	-0.379836973536027	0.00336617074817187	1.08107146291703	-0.273277956313435	0.227626696194896	0.00424051305692697	-0.0284040356328146	-0.293121389925372	-0.0080509686069765	0	1	0	0	0	1	0.645	1.37	0.002	0.908875	0
eciton_hamatum	0.0373431613228687	-0.315604534569432	-0.37977098537369	0.00336539306782	1.08077392421618	-0.273170262704105	0.227531514783966	0.00423844893578177	-0.0283891290375116	-0.292957330649113	-0.00804533244453893	0	1	0	0	0	1	0.75	1.37	0.12625	0.61725	0
eciton_mexicanum	0.037343153090374	-0.315604410026433	-0.37977066900574	0.00336538934052163	1.080772498497	-0.273169746995513	0.227531059050749	0.00423843905629703	-0.0283890577046879	-0.292956545719404	-0.00804530549893553	0	1	0	0	0	1	0.645	1.37	0.128	0.595125	0
eciton_rapax	0.0373431613228687	-0.315604534569432	-0.37977098537369	0.0033653930678201	1.08077392421618	-0.273170262704106	0.227531514783966	0.0042384489357819	-0.0283891290375116	-0.292957330649113	-0.0080453324445391	0	1	0	0	0	1	1.175	1.37	0.183375	0.91025	0
eciton_vagans	0.037346129858107	-0.315649450276039	-0.379885126715627	0.00336673816096957	1.08128853025344	-0.273356500609091	0.227696110869547	0.0042420181434746	-0.0284149040015539	-0.293240995015065	-0.0080550761627153	0	1	0	0	0	1	0.855	1.35	0.067875	0.81725	0
ectatomma_brunneum	-0.00297169767072086	-0.122021044640145	-0.190101932284092	0.0257948091375069	0.152570499543	0.301426745943104	-0.238107515323918	-0.0135450820287336	0.110761419704912	1.42531548521607	0.540282692044633	0	1	0	0	1	0	0.81	1.39	0.056625	0.584125	1
ectatomma_edentatum	-0.002971857130448	-0.122032770703594	-0.190140545950372	0.0258017804488682	0.152619641826936	0.301565915072975	-0.238224189581895	-0.0135528132580701	0.110829604999241	1.42625155666682	0.54072708587547	0	1	0	0	1	0	0.67	1.375	0.10075	0.526375	1
ectatomma_tuberculatum	-0.00297101433200384	-0.121970818545861	-0.189936738109606	0.0257650074917234	0.152360543594531	0.30083308884816	-0.237609972919998	-0.0135121429814033	0.110471060534197	1.42133116518321	0.538394655907397	0	1	0	0	1	0	0.715	1.4	0.002	1.111875	1
forelius_pruinosus	0.0378003370794533	-0.306949949874208	-0.85291679107355	-0.10212542424228	-0.609735379368633	-0.1136591381602	0.105078645199754	0.00230926796064893	-0.0163319316729433	-0.175406262815129	-0.00558857434140247	0	0	0	0	0	1	0.2	1.42	0.007	0.39475	1
formica_aquilonia	0.343619912047283	0.101616150627489	-0.030754008716974	0.00403313880198903	0.067071011285016	0.35532802488959	-0.78313054886321	0.00936137783949123	-0.0406493745706383	-0.331668608965135	-0.00443186236712517	0	0	0	0	0	1	-0.17	0.455	0.053125	0.2605	1
formica_archboldi	0.34355890180491	0.101583844186909	-0.0307333505844516	0.00402953508047277	0.0669996008699587	0.354786015262817	-0.781862876849277	0.00934373178958153	-0.040566747021289	-0.330949482701943	-0.0044198349941891	0	0	0	0	1	0	0.965	1.17	0.13775	0.189625	1
formica_bruni	0.343555332406607	0.101582017832023	-0.0307322866242941	0.00402936099250563	0.0669963289123233	0.354764866211923	-0.78181518242205	0.00934313876301357	-0.0405641561549323	-0.330928429165234	-0.0044195852788563	0	0	0	0	1	0	-0.085	0.455	0.063625	0.112375	1
formica_clara	0.343634677381103	0.101624039685408	-0.0307591681124293	0.00403405155362417	0.067089294351279	0.355470861133187	-0.783466571459123	0.00936613344440003	-0.0406718476605607	-0.331865845198493	-0.00443527392158317	0	0	0	0	1	0	-0.325	0.915	0.019	0.099125	1
formica_cunicularia	0.343324923897387	0.101459881483934	-0.0306539775943461	0.0040156772019305	0.0667248190028317	0.352696764330253	-0.776974731993237	0.00927561989322067	-0.0402476346303703	-0.328170746556023	-0.0043732642277989	0	0	0	0	1	0	-0.145	0.895	0.015375	0.172625	1
formica_exsectoides	0.343570959666883	0.101590289225993	-0.0307375698804795	0.00403028199835993	0.0670145696373847	0.35490311739196	-0.782138436304097	0.00934763478558013	-0.0405851992143267	-0.331111495599378	-0.00442264196356623	0	0	0	0	0	1	0.045	0.71	0.054	0.18225	1
formica_incerta	0.343262522391397	0.101426866064307	-0.0306329108303574	0.00401200709120543	0.0666521679282963	0.352146869218507	-0.77568934332728	0.00925775607598283	-0.040164062367759	-0.327443997212256	-0.0043611497323706	0	0	0	0	1	0	0.125	0.63	0.076125	0.216	1
formica_lemani	0.343591562775847	0.101601143830823	-0.030744420528438	0.00403146703677283	0.0670378970459163	0.355076951509197	-0.782543455060523	0.0093532104610374	-0.0406111438168477	-0.331335981485236	-0.0044263061341846	0	0	0	0	1	0	-0.17	0.435	0.015875	0.2605	1
formica_pallidefulva	0.343266631902533	0.101429039657742	-0.0306342967012876	0.00401224841117367	0.0666569431494537	0.352182976421987	-0.775773727281787	0.00925892812854423	-0.040169543811007	-0.327491650069677	-0.00436194313343717	0	0	0	0	1	0	0.095	1.17	0.02925	0.229125	1
formica_picea	0.343513072328003	0.101559648673932	-0.030717996641412	0.00402686967295167	0.0669469845343597	0.35439080634012	-0.780940537973483	0.00933097240715477	-0.0405072098654283	-0.33043299294462	-0.00441131119233677	0	0	0	0	1	0	-0.28	1.29	0.014	0.35625	1
formica_podzolica	0.343584483874047	0.101597448603364	-0.0307421446415267	0.0040310796913059	0.0670303711143037	0.35502294186562	-0.782418634410843	0.0093515331061442	-0.0406034477785757	-0.331270274733919	-0.00442529471375353	0	0	0	0	0	1	-0.06	0.925	0.021625	0.179375	1
formica_rufibarbis	0.343630595270667	0.101621878738411	-0.0307577873234346	0.00403381079123293	0.067084525145487	0.355434696647583	-0.783382004697883	0.0093649569068917	-0.0406663401725517	-0.331817925368481	-0.00443447333795183	0	0	0	0	1	0	-0.05	0.49	0.02475	0.231375	1
formica_subsericea	0.343647468129993	0.101630811420678	-0.0307634961953038	0.00403480634559333	0.067104247717185	0.355584289339187	-0.783731829156023	0.0093698245649685	-0.040689128015596	-0.332016213794013	-0.00443778708404793	0	0	0	0	0	1	-0.13	0.965	0.051125	0.248875	1
formica_yessensis	0.34356136628065	0.101585212217369	-0.0307343281273862	0.00402971700149433	0.0670033816301997	0.35481835894038	-0.781940275338347	0.0093448793560557	-0.0405723046484067	-0.330999332813198	-0.00442077016933187	0	0	0	0	0	1	0.315	0.43	0.138375	0.255875	1
gnamptogenys_bicolor	-0.00297639552325339	-0.122364073595776	-0.191210202314117	0.0259923282374164	0.153948278312893	0.30520958519203	-0.24125746195819	-0.0137495941993272	0.11254355473088	1.44950140115986	0.55118894947365	1	1	0	0	1	0	1.05	1.345	0.144125	0.312625	1
gnamptogenys_menadensis	-0.00297426233426854	-0.122206933565206	-0.19069051198255	0.0258982561510456	0.153283821095532	0.303318085155206	-0.239670085159769	-0.013644110949138	0.111611828750384	1.43669281249099	0.54507646380815	1	1	0	1	0	0	1.17	1.36	0.144125	0.443	1
harpegnathos_saltator	0.0462296110898497	-0.574061963970013	0.318010263360713	-0.00065523789859584	-0.06697340366356	-0.00155498392475138	-0.00037791996178559	-0.000196791311765182	0.00245340096562046	0.039388489888563	0.00450706048151707	1	1	0	1	0	0	1.195	1.36	0.1025	0.61125	0
iridomyrmex_purpureus	0.0382605028987857	-0.313722234276804	-0.893935912425903	-0.10879157602527	-0.65791750744287	-0.12710720983563	0.118394397294651	0.00265929618598552	-0.019042383891861	-0.206901594026051	-0.00692164871402133	0	0	0	0	0	1	0.63	1.465	0.02	0.2345	1
labidus_coecus	0.0372929137885133	-0.31484420773585	-0.377838485581753	0.00334261717246933	1.07205959555224	-0.27001581119717	0.224743501316648	0.0041779840783156	-0.0279524521051295	-0.288151202230203	-0.00788020107196683	0	1	0	0	0	1	0.425	1.42	0.037125	0.86825	1
labidus_praedator	0.037507374243708	-0.318115938592529	-0.386329752944573	0.00344403750241627	1.11127120576914	-0.284622765540806	0.237730299710235	0.00446449196613677	-0.0300416197541406	-0.311350858758045	-0.00870718613199697	0	1	0	0	0	1	0.535	1.41	0.002	0.584875	1
lasius_alienus	0.304043312703888	0.0696294165240453	-0.0533526075994927	0.00524862417577613	0.079842757803121	0.364327060051397	-0.782206355015213	0.00866946833399543	-0.036011366933107	-0.281344481916414	-0.00300296502837164	0	0	0	0	0	1	-0.325	1.08	0.023375	0.21625	1
lasius_carniolicus	0.303758679519492	0.0695126438947373	-0.053163345274605	0.00522383932205657	0.079393249104217	0.361383971564867	-0.775498824756	0.00858282142926813	-0.0356230578057757	-0.278107030742036	-0.00295963409124481	0	0	0	1	0	0	-0.025	0.745	0.0245	0.1665	1
lasius_emarginatus	0.303962476475314	0.0695962568193193	-0.0532988793620623	0.0052415895588549	0.0797151944280357	0.363492210501473	-0.780303833455827	0.00864489805314243	-0.0359012706470937	-0.280426697339236	-0.00299068788052763	0	0	0	0	0	1	0.31	0.83	0.05575	0.174	1
lasius_grandis	0.304011271107005	0.069616210781785	-0.0533309557387693	0.0052457682444901	0.0797906731276413	0.36398092924246	-0.781415119688537	0.0086591593820337	-0.035964947765334	-0.280955787174097	-0.00299767120396176	0	0	0	0	0	1	0.62	0.89	0.030875	0.179875	1
lasius_jensi	0.304043312703888	0.0696294165240453	-0.0533526075994927	0.00524862417577607	0.079842757803121	0.364327060051397	-0.782206355015213	0.0086694683339957	-0.036011366933107	-0.281344481916414	-0.00300296502837182	0	0	0	0	0	1	0.25	0.48	0.02475	0.1075	1
lasius_meridionalis	0.303932803940829	0.0695840457555277	-0.0532789325906963	0.00523896454635923	0.079667404554091	0.363176080094057	-0.779581839836307	0.0086355155513013	-0.0358590829105653	-0.280073889662702	-0.0029859071550066	0	0	0	0	0	1	0.2	0.47	0.056	0.21625	1
lasius_myops	0.303891272502107	0.0695669937557277	-0.0532512404360923	0.00523533365832663	0.0796014910483477	0.362743433876933	-0.778595305897583	0.0086227533326654	-0.035801843563276	-0.27959632238031	-0.00297949680055075	0	0	0	0	0	1	-0.025	0.85	0.054125	0.16975	1
lasius_neoniger	0.304050895301572	0.0696325252856243	-0.053357637817842	0.00524928221751233	0.0798546826441583	0.364404964906683	-0.782383827038553	0.0086717579657285	-0.03602162065504	-0.281429914470667	-0.00300410546161029	0	0	0	0	0	1	-0.235	1.125	0.022375	0.391875	1
lasius_paralienus	0.303903969572997	0.0695722750771567	-0.0532600966271153	0.00523651786233263	0.079623311428295	0.362892376624317	-0.77893757702405	0.00862727890916753	-0.0358223848182523	-0.279769573146619	-0.00298192358083744	0	0	0	0	0	1	0.56	0.915	0.058875	0.1715	1
lasius_psammophilus	0.304026137345661	0.0696223753969437	-0.05334121668833	0.00524713422126277	0.0798157597760747	0.364150726045857	-0.781804675564073	0.0086642868624413	-0.035988164446532	-0.281151176171955	-0.00300038535874114	0	0	0	0	0	1	0.115	0.455	0.06225	0.0965	1
lasius_reginae	0.303590067108559	0.069443570377534	-0.0530518046319223	0.00520926636574767	0.0791294217317987	0.359664960626233	-0.77158492552429	0.00853240460463127	-0.035397468288326	-0.276228931743153	-0.00293464321672167	0	0	0	0	0	1	0.225	0.83	0.0625	0.067	1
lasius_umbratus	0.303570285614946	0.0694354546777157	-0.0530386513943277	0.0052075440551825	0.07909818884085	0.359460568741117	-0.771119161444667	0.00852639053583187	-0.035370523654525	-0.276004348733418	-0.00293164140288457	0	0	0	0	0	1	-0.14	0.99	0.03675	0.306	1
leptogenys_peuqueti	0.0525413979705557	-0.730119027886417	0.571798225470157	-0.00157283889417389	-0.214909279359436	-0.0364954304817787	0.0409168204541327	0.00129900358514048	-0.0108317287749123	-0.134604702481524	-0.00853050048049717	1	1	1	0	0	0	1.125	1.355	0.214625	0.41	0
leptomyrmex_fragilis	0.0376770723874823	-0.305149961327577	-0.842234269635787	-0.100412322748165	-0.59748345207652	-0.110339954204852	0.101812751641264	0.00222498914899775	-0.0156861857787003	-0.167976854704587	-0.0052871269769845	0	0	0	0	1	0	0.65	1.355	0.164875	0.80725	1
leptomyrmex_nigriventris	0.037676967976406	-0.305148447624755	-0.84222544980582	-0.100410924753196	-0.59747354403843	-0.110337335578996	0.101810188087458	0.00222492395155574	-0.0156856902918312	-0.167971196803324	-0.005286904363508	0	0	0	0	1	0	0.59	0.99	0.13025	0.248125	1
leptomyrmex_unicolor	0.0376742065017023	-0.305108410488735	-0.841992129354657	-0.10037393834421	-0.597211389050233	-0.11026803529383	0.101742342368805	0.00222319826012905	-0.015672574520183	-0.167821420270776	-0.005281009859717	0	0	0	0	1	0	0.645	1.275	0.258875	0.363625	1
liometopum_apiculatum	0.037118661204783	-0.296936339653701	-0.79254154365481	-0.0923407052619553	-0.539159011101203	-0.094064449832689	0.0856963999047947	0.0018011801127499	-0.0124032545751375	-0.129813474631958	-0.0036675206796792	0	0	0	0	0	1	0.03	1.26	0.027125	0.265875	1
meranoplus_mucronatus	-0.234732144517543	0.133503489236262	0.0354784524446413	0.320272322628055	-0.0389694728933833	-0.0961026185904377	-0.0241789920482597	-0.368247162583663	-0.035860737132789	-0.030771299022548	0.0455070277937893	0	1	0	0	0	1	1.31	1.345	0.249125	0.40325	1
messor_aciculatus	-0.178615091362275	0.0715022015001597	-0.0162083835956279	0.0737796847603477	0.0274484172865026	0.260675159545388	0.0685695639722247	-0.0134496986543247	0.060408890411872	0.280338014932469	-0.524244092338877	0	0	0	0	0	1	0.555	0.94	0.154375	0.4195	0
messor_aegyptiacus	-0.180052795278517	0.0725532435051777	-0.0167383032740958	0.0770979285589637	0.0289591920939422	0.282843540994757	0.0748575984841673	-0.0149552332600847	0.0679011849459753	0.31838412579624	-0.623630106476763	0	0	0	0	0	1	0.8	1.155	0.00025	0.101125	0
messor_arenarius	-0.180099396506878	0.0725868831533057	-0.0167547190255876	0.0771985797653647	0.029004265374203	0.283475180970309	0.0750350517634353	-0.0149965518905709	0.0681035792750587	0.319396847719325	-0.626117282090697	0	0	0	0	0	1	0.505	1.125	0.00175	0.1295	0
messor_bouvieri	-0.178543658305555	0.071450892251022	-0.0161836808606167	0.073629615167161	0.0273817208160405	0.259761356089673	0.0683141198756573	-0.0133911146911228	0.0601244990518873	0.278927311074507	-0.52091391485123	0	0	0	0	0	1	0.42	0.91	0.029	0.17725	0
messor_ebeninus	-0.17988382133124	0.0724317385954127	-0.0166796028891403	0.0767403537339357	0.0287998876748572	0.280643112169782	0.0742412792124683	-0.0148129920116934	0.067207937289825	0.314931626964774	-0.61531778531934	0	0	0	0	0	1	0.695	1.27	0.010625	0.11625	0
messor_minor	-0.179924161599604	0.07246082271046	-0.01669375173162	0.076826938881219	0.0288386047491908	0.281183549713877	0.074392990283775	-0.0148482378817832	0.0673803726460993	0.315793475043716	-0.617425018618423	0	0	0	0	0	1	0.425	1.28	0.007875	0.111875	0
messor_wasmanni	-0.178531746553212	0.0714423605345897	-0.0161796028147223	0.073604953595928	0.0273707989741775	0.25961314517263	0.068272770118636	-0.0133816845417067	0.0600788642145667	0.278701594452222	-0.520387286916227	0	0	0	0	0	1	0.385	0.945	0.055625	0.1615	0
metapone_madagascarica	-0.229067412287911	0.127510951372363	0.0317373191593676	0.271820379131977	-0.031477847249319	-0.063509753996337	-0.0150274452964051	-0.176760556073775	-0.0134196974024979	-0.00770046933386097	-0.0471084912303727	1	1	1	0	0	0	1.2	1.205	0.048	0.07225	0
monomorium_floricola	-0.218409212710624	0.11367154286144	0.0147624318198005	0.120168947576814	0.0134890888807775	0.875894202120947	0.53753694333341	0.195537554516139	-0.195668508120817	-0.265733463162345	0.19438999140828	0	1	0	0	0	1	1.03	1.42	0.151875	0.61125	1
monomorium_minimum	-0.21679644724194	0.112165317657472	0.0143468656217782	0.115653479954551	0.0128834893744842	0.819139226805603	0.50051910257605	0.179788638850587	-0.178632889333249	-0.240999999103053	0.171535822834512	0	1	0	0	0	1	0.105	1.365	0.01225	0.3855	1
myopias_concava	0.0504038743310527	-0.676952680709887	0.483924544260067	-0.00125157678135322	-0.162640550329561	-0.0238069894064561	0.0258284072869279	0.000742080900168193	-0.00582880094030397	-0.0683518188178897	-0.00329840329928782	0	1	1	0	0	0	0.85	1.195	0.362625	0.652875	0
myopias_julivora	0.0504245479070067	-0.677449951083843	0.48467595635555	-0.00125416263684584	-0.163041041222716	-0.0238910290213691	0.0259251740237232	0.00074531957917034	-0.00585623841572627	-0.0686950784807057	-0.00331915120757339	0	1	0	1	0	0	0.85	1.21	0.244125	0.652875	0
myrmecina_americana	-0.232204621339408	0.131039303033647	0.034373936214316	0.31127781116017	-0.0385181362473383	-0.135354634979436	-0.049394728348293	0.14532037324489	0.000898797708646693	-0.000890996230355083	-0.100727235133996	0	0	1	0	0	0	-0.025	1.24	0.0435	0.242	0
myrmecina_graminicola	-0.232218818182842	0.131053660241413	0.03438190936445	0.311373974919917	-0.0385323289890713	-0.135426274129038	-0.049422485869162	0.145415611164504	0.000899433431371557	-0.000891668960033	-0.100822716235453	0	0	0	1	0	0	0.195	0.92	0.058375	0.18	0
myrmecina_nipponica	-0.232186803772662	0.13102130158207	0.0343639635116263	0.311157713558117	-0.0385004318784707	-0.135265551343339	-0.0493602336992337	0.145202234261083	0.000898009911071863	-0.000890163340873673	-0.100609459195855	0	0	1	0	0	0	0.355	0.81	0.12475	0.4195	0
myrmecocystus_depilis	0.303902852041852	0.069571769240363	-0.0532590819751963	0.005236368866891	0.0796203823065213	0.362869165484063	-0.778882800067127	0.00862650180035617	-0.035818728392477	-0.279737753648503	-0.0029814250808223	0	0	0	0	0	1	0.575	1.26	0.030375	0.0695	1
myrmecocystus_mendax	0.304010844145113	0.0696161039265253	-0.053331062989851	0.0052458054488649	0.0797916733258517	0.36399324985215	-0.78144588004073	0.0086596558838242	-0.0359674203803533	-0.280978301190045	-0.00299807560576043	0	0	0	0	0	1	0.225	1.23	0.014	0.118375	1
myrmica_curvithorax	-0.0929501049257073	-0.0228647523170094	-0.100809553136345	0.0531750510114803	0.0875442128525397	0.294551688900642	-0.0613736615447857	-0.0145764465534955	0.0853258176786027	0.718041599446153	-0.576907526571957	0	1	0	0	1	0	0.4	0.465	0.0625	0.0905	1
myrmica_gallienii	-0.0929603704627147	-0.0228692753643766	-0.100851718793195	0.0532046509095503	0.087602301001972	0.29483197414382	-0.0614356488178587	-0.0145936001008605	0.08543413123279	0.71901413875348	-0.577886682450737	0	1	0	0	1	0	0.24	0.545	0.066375	0.16075	1
myrmica_lobicornis	-0.0929501049257073	-0.0228647523170094	-0.100809553136345	0.05317505101148	0.0875442128525397	0.294551688900642	-0.0613736615447857	-0.0145764465534952	0.0853258176786027	0.718041599446153	-0.576907526571957	0	1	0	0	1	0	-0.17	0.735	0.0345	0.2605	1
myrmica_punctiventris	-0.0930184300753217	-0.0228948581370115	-0.101090245281919	0.0533721093018947	0.0879309517262	0.296418072855691	-0.061786440700126	-0.0146906846051614	0.08604719578297	0.7245191205536	-0.58343043864028	0	1	0	1	0	0	0.3	0.97	0.093	0.21925	0
myrmica_rugulosa	-0.0929420944354343	-0.0228612254571181	-0.100776735477853	0.053152040224963	0.087499096207517	0.294334522364966	-0.0613256571693283	-0.0145631811578349	0.0852421208101053	0.717290631273303	-0.576153636972833	0	1	0	0	1	0	0.12	0.51	0.06375	0.127375	1
myrmica_scabrinodis	-0.0930202699101263	-0.0228956738382561	-0.101097968848875	0.0533775838552487	0.087941775211188	0.296471340768839	-0.0617982682063833	-0.0146939946912677	0.0860682271176513	0.72470903453172	-0.58362602201472	0	1	0	0	1	0	-0.09	0.86	0.0345	0.2605	1
myrmica_specioides	-0.0930187307500423	-0.0228949956813682	-0.10109164689814	0.053373145941393	0.0879330661009627	0.296429318299616	-0.0617889746240867	-0.0146914229158933	0.086051988039378	0.724563225152163	-0.58347922032415	0	1	0	0	1	0	0	0.83	0.020125	0.176875	1
myrmicaria_brunnea	-0.217828581004694	0.113125876072247	0.0146094789524675	0.118490244986566	0.0132621870574738	0.85417454789327	0.523309042280167	0.189408719073186	-0.188992749304866	-0.255978901087264	0.185138426837996	0	1	0	0	0	1	1.025	1.37	0.1025	0.61125	1
myrmicocrypta_ednaella	-0.235224803905575	0.136558185425739	0.0571982041472513	-0.226569978004227	-0.00130669437635177	0.0118796746940279	0.009965707192731	-0.00778333411763563	0.148949493135793	-0.0061118699475557	-0.0355861211269097	0	1	0	1	0	0	1.29	1.37	0.16775	0.274625	0
neivamyrmex_nigrescens	0.0376037331476937	-0.319582339138238	-0.39011191214721	0.0034890347418219	1.12861539212628	-0.291030749422781	0.243417980781497	0.00458936955529353	-0.0309497748063168	-0.321410906552535	-0.00906223450352047	0	1	0	0	0	1	0.165	1.315	0.011375	0.266	0
neivamyrmex_opacithorax	0.0376169951827813	-0.319784174524028	-0.390632567737837	0.0034952296900199	1.13100340834159	-0.291913196922994	0.244201265434828	0.00460656909773427	-0.0310748637331009	-0.322796650850548	-0.00911115231742377	0	1	0	0	0	1	0.575	1.315	0.02325	0.37225	0
neivamyrmex_texanus	0.0376037331476937	-0.319582339138238	-0.39011191214721	0.0034890347418219	1.12861539212628	-0.291030749422781	0.243417980781497	0.00458936955529357	-0.0309497748063168	-0.321410906552535	-0.00906223450352063	0	1	0	0	0	1	0.705	1.135	0.030125	0.22125	0
neoponera_commutata	0.0487053984412733	-0.63279747203357	0.402356085571323	-0.000931777824023153	-0.1077146492144	-0.00835610732803223	0.0068903441526481	-2.07489267175209e-05	0.0013695625099014	0.0314341630161779	0.0062388426143881	0	1	0	0	1	0	1.05	1.37	0.142875	0.407625	0
neoponera_obscuricornis	0.048706020683717	-0.632811944258833	0.40237551486957	-0.00093183765110378	-0.107722887560445	-0.0083570221713109	0.006891144545438	-2.07517319987175e-05	0.00136976213126236	0.0314390489443645	0.00624005514071947	1	1	0	1	0	0	0.97	1.37	0.142875	0.908875	1
neoponera_verenae	0.0486983956462967	-0.632634608156467	0.402137466411333	-0.000931104706708777	-0.107621965632515	-0.00834581710862983	0.00688134164959437	-2.07173777463638e-05	0.00136731766919529	0.0313792218385107	0.00622521166100013	0	1	0	0	1	0	0.855	1.4	0.002	0.595125	1
neoponera_villosa	0.0487238811401447	-0.6332276145643	0.40293447291424	-0.0009335605688945	-0.107960325603329	-0.00838344520719053	0.0069142719549319	-2.08328910890774e-05	0.00137554129101607	0.0315805885814553	0.00627526986828887	0	1	0	0	1	0	0.78	1.4	0.002	0.61725	1
nomamyrmex_esenbeckii	0.0373156275020907	-0.315187932036289	-0.378712304353857	0.00335291711960397	1.07600088121013	-0.271442887903937	0.226004871377785	0.00420534430201093	-0.0281500649135248	-0.290326332485953	-0.00795495955751963	0	1	0	0	0	1	0.76	1.42	0.002	0.61725	0
novomessor_cockerelli	-0.180154586878403	0.0726267105970683	-0.0167741391473628	0.077317593582207	0.0290575416051576	0.284221016289366	0.0752445440872607	-0.0150453020015296	0.068342298298518	0.32059097222405	-0.62904646187377	0	0	0	0	1	0	0.575	1.205	0.01375	0.15325	1
ochetellus_glaber	0.0382120864530637	-0.313011272823248	-0.88965424631201	-0.10809829399051	-0.652920915247793	-0.125723612513242	0.117026657001763	0.00262351275611792	-0.0187660337658935	-0.203698373271148	-0.00678745332365187	0	0	0	0	0	1	0.43	1.33	0.04175	0.42675	1
odontomachus_bauri	0.0523684702221133	-0.725722715916503	0.56411274819906	-0.00154371357515732	-0.210035404270744	-0.0352166815440227	0.0393714965787023	0.00123923730978692	-0.0102804723716527	-0.127123039302896	-0.00787602042819317	0	1	0	0	1	0	0.975	1.4	0.051875	0.91025	1
odontomachus_brunneus	0.0523039342734097	-0.72412151383224	0.561483946650587	-0.00153414635283087	-0.208484589584569	-0.0348443086481537	0.0389297545811723	0.0012230502508086	-0.0101356852539291	-0.125213555142692	-0.00772802009957957	0	1	0	1	0	0	0.695	1.37	0.071375	0.584875	1
odontomachus_chelifer	0.052324562478842	-0.724632721216373	0.562320746585157	-0.00153718611215553	-0.20897661311942	-0.0349619899202547	0.0390692476787573	0.00122815018282414	-0.0101812445221754	-0.125813701938284	-0.0077743176905283	0	1	0	1	0	0	0.805	1.375	0.011375	0.908875	0
odontomachus_clarus	0.0523311026162177	-0.724795088483357	0.562587727962017	-0.00153815869759356	-0.209134382950516	-0.0349999480613433	0.039114295069287	0.00122980276865636	-0.0101960355981804	-0.126008882480588	-0.00778948074460743	0	1	0	1	0	0	0.45	1.365	0.0135	0.22125	0
odontomachus_haematodus	0.0523271684188143	-0.724697847517973	0.562429620824497	-0.00153758681720223	-0.209042126559398	-0.0349780842776733	0.039088427955258	0.00122886220761644	-0.0101876590260938	-0.125898851915824	-0.0077810911568101	0	1	0	0	1	0	0.93	1.37	0.065625	0.373375	1
odontomachus_hastatus	0.052301222709165	-0.724053787637827	0.5613708938425	-0.00153373065601487	-0.208416673916873	-0.0348276564592197	0.038909917319242	0.00122231466342662	-0.0101290626101331	-0.125125692514661	-0.00772104697184587	0	1	0	0	1	0	0.805	1.37	0.161375	0.61725	1
odontomachus_laticeps	0.052267575357268	-0.723218133560257	0.559995492265167	-0.00152871710878032	-0.207602997942211	-0.0346316320876163	0.0386772186280983	0.00121377123453423	-0.0100525626417017	-0.124115795790689	-0.00764245770453673	0	1	1	0	0	0	0.605	1.36	0.06675	0.595125	0
odontomachus_opaciventris	0.052294474629533	-0.723886539212127	0.56109704891627	-0.00153273571429351	-0.20825560817079	-0.034789118725066	0.038864233246146	0.00122064406356187	-0.010114136773337	-0.124929053672131	-0.00770587034944323	0	1	0	1	0	0	0.645	1.37	0.18	0.61725	1
odontomachus_troglodytes	0.052298189547433	-0.723976940353313	0.56123810926584	-0.00153323220826615	-0.208333968810204	-0.03480655632396	0.038884586304409	0.00122135494996026	-0.0101203213948086	-0.125008506769044	-0.00771136543712983	0	1	0	1	0	0	0.67	1.375	0	0.29575	1
onychomyrmex_hedleyi	0.0390985810254637	-0.39981030198997	0.0444127958271453	0.000307620677596184	0.0845474099219737	0.0313138497645845	-0.038380838827727	-0.00147377137202327	0.0132212457780981	0.172694372583683	0.011345857734472	0	1	0	0	1	0	1	1.185	0.1865	0.418	0
pachycondyla_harpax	0.0486492681829107	-0.63149068160755	0.400597259389517	-0.00092635341290069	-0.106966776174308	-0.00827278245595737	0.00681739438426787	-2.0492752771112e-05	0.00135131387721535	0.0309870696211973	0.00612744591236047	0	1	0	1	0	0	0.805	1.4	0.033625	0.848375	1
pachycondyla_striata	0.0486665212040187	-0.631891710073347	0.401134814697883	-0.000928007042138743	-0.107194312225903	-0.00829799756105133	0.0068394456912896	-2.05699468839771e-05	0.0013568032349778	0.0311213437349973	0.006160684470375	0	1	0	0	1	0	0.805	1.355	0.011375	0.41	1
paraponera_clavata	0.040108697208279	-0.426651549478423	0.0954303958743637	0.000107476492725765	0.050445845642226	0.0222655434007927	-0.0274977062790705	-0.00106460116665244	0.00954604350947523	0.12440825006198	0.00805371321354197	0	1	0	0	1	0	0.685	1.37	0.079	1.111875	1
pheidole_fallax	-0.267501519252283	0.174474742924185	0.106948255826995	-0.60044516514215	-0.00511002686832397	-0.200547585056464	-0.085541871897288	0.0322630488152821	-0.59844014616482	0.0480031632187553	0.0186818591274354	0	0	0	0	0	1	0.85	1.4	0.075625	0.39475	1
pheidole_pallidula	-0.268158409705993	0.175244667857796	0.107954494469275	-0.608003595296697	-0.0051870211968546	-0.204930512065608	-0.0875308186735483	0.0331430036864012	-0.616113575816867	0.0495210785274327	0.0194328692058288	0	0	0	0	0	1	-0.025	1.11	0.005625	0.179875	1
pheidole_specularis	-0.268617414334255	0.17578394611558	0.108663551370445	-0.613349808509073	-0.00524163870431653	-0.208063873566621	-0.0889549507821767	0.0337758880279557	-0.628856107591787	0.05061796758198	0.0199804949362703	0	0	0	1	0	0	0.95	1.345	0.218125	0.5045	1
platythyrea_lamellosa	0.0428591848913097	-0.492163421524327	0.191426694823978	-0.000214739347966	0.00168757062465384	0.0128930850131065	-0.0169626661674895	-0.000741302198351417	0.00697680151692477	0.094531898475871	0.0070842478070356	1	1	0	1	0	0	0.855	1.205	0.04675	0.114	0
platythyrea_modesta	0.0428782333759577	-0.492555316945673	0.191749200609232	-0.000215221017037102	0.0016920841275356	0.0129425794674792	-0.0170317936287852	-0.000744823862083503	0.0070125640391345	0.0950490463943113	0.00713286166613137	1	1	1	0	0	0	0.71	1.315	0.01075	0.202	0
platythyrea_parallela	0.0428647313489763	-0.492277547280157	0.191520644942635	-0.000214879693976581	0.00168888595700886	0.0129075150479886	-0.0169828219494551	-0.000742329281748147	0.00698723300308463	0.0946827633038337	0.00709843690294277	1	1	1	0	0	0	0.85	1.37	0.1445	0.652875	0
platythyrea_quadridenta	0.0428729978373057	-0.492447499656683	0.191660258848361	-0.000215087979553702	0.00169083603905581	0.0129288501711035	-0.0170126061708347	-0.000743844601015617	0.00700260968810543	0.0949049684150023	0.00711926783245017	1	1	1	0	0	0	0.85	1.325	0.2035	0.652875	0
platythyrea_tricuspidata	0.0428338749864037	-0.491642211356617	0.190996741140277	-0.000214096235390269	0.00168153729131474	0.0128267163833837	-0.016869911984133	-0.000736568281804733	0.006928679973046	0.093835385767487	0.00701852747062323	1	1	1	0	0	0	1.045	1.045	0.401125	0.401125	0
pogonomyrmex_californicus	-0.110112176242803	0.00119098500050795	-0.0664047183313303	0.046110704308423	0.0532848992370593	0.177379758821987	-0.0153841864367128	-0.0074287027087855	0.0374070736386677	0.259189136298556	-0.149684748593602	0	1	0	0	0	1	0.285	1.18	0.00675	0.16525	0
pogonomyrmex_imberbiculus	-0.110482182470846	0.00119817783199176	-0.0672600979732897	0.0469055300710977	0.0543844187783023	0.18268991838201	-0.0158741754234985	-0.00770625812228493	0.0389204013461417	0.270416153526135	-0.157925493236439	0	1	1	0	0	0	0.45	1.17	0.010875	0.13575	0
pogonomyrmex_maricopa	-0.110245410719629	0.00119357448749128	-0.0667124955092877	0.0463965957813797	0.0536802820490957	0.179287916474294	-0.0155602342070974	-0.0075283844584813	0.0379504490765293	0.263219466350351	-0.152640560698794	0	1	0	0	0	1	0.05	1.27	0.00675	0.1335	0
pogonomyrmex_montanus	-0.110289867928367	0.00119443724795592	-0.0668146516421667	0.0464912601319643	0.0538109573104497	0.179915380908265	-0.0156180645253288	-0.00756103199334187	0.0381281191507037	0.264535269495067	-0.153599574396587	0	1	0	0	1	0	0.41	0.89	0.040625	0.095125	0
pogonomyrmex_occidentalis	-0.110499019450994	0.00119850445900785	-0.067298737433558	0.046941315930472	0.0544337969736233	0.182926757009699	-0.0158959989373755	-0.00771857088051277	0.0389873860867903	0.270912086509362	-0.158286533084406	0	1	0	0	0	1	-0.075	1.07	0.012875	0.162625	0
pogonomyrmex_rugosus	-0.110208628777754	0.00119286161774028	-0.0666283676217163	0.046318800119948	0.0535730654385057	0.178775325678876	-0.015513032851226	-0.00750180436108003	0.0378060003362853	0.262151067469838	-0.151865882081701	0	1	0	0	0	1	0.245	1.28	0.010375	0.1415	0
pogonomyrmex_subnitidus	-0.110518578423976	0.0011988846345212	-0.0673439343603417	0.046983305054214	0.0544918736348273	0.183207123408183	-0.0159218672316585	-0.00773322045999987	0.0390672497399017	0.271504501327326	-0.15872114848395	0	1	0	0	0	1	0.445	0.905	0.015875	0.091375	0
pogonomyrmex_texanus	-0.110285725866059	0.00119436103763608	-0.06680688257666	0.046484796233654	0.0538028227067997	0.179886608032836	-0.0156156064633136	-0.00755995817021297	0.038123229099423	0.264505564518802	-0.153597240082501	0	1	0	0	0	1	0.57	1.065	0.027125	0.161	0
polyrhachis_arachne	0.495756565298733	0.235988448254289	0.0949924252013033	-0.0045892619442921	-0.0492969638736063	-0.120071942564394	0.233673299945629	-0.00201831210173047	0.00741361349400937	0.0521416293921603	0.000389546731065003	0	0	0	0	1	0	0.875	1.375	0.220375	0.438125	1
polyrhachis_hodgsoni	0.497047577393437	0.237093350792877	0.0959418869930187	-0.00465067924054543	-0.050087081485613	-0.122867416940624	0.239462820290386	-0.00207701619636485	0.00764719248015303	0.0539012735097567	0.000406282110534543	0	0	0	0	0	1	1.26	1.335	0.220125	0.507125	1
polyrhachis_moesta	0.495864668136847	0.236081372634446	0.0950731456526457	-0.00459451826106913	-0.0493649274580437	-0.120315613817417	0.23417928145432	-0.00202348073907142	0.00743426236325367	0.0522977568362657	0.00039105307568975	0	0	0	0	1	0	0.7	1.35	0.19575	0.462	1
ponera_exotica	0.0488681302681887	-0.636622436489697	0.407632588792953	-0.00094831184395836	-0.110022924487147	-0.0086223945916233	0.00712517465486807	-2.15911847980754e-05	0.00143028543898211	0.0329386247783383	0.0066317007296853	0	1	1	0	0	0	0.605	1.14	0.1345	0.458625	0
ponera_pennsylvanica	0.048871484101909	-0.636701001889757	0.407740007487453	-0.00094864646335115	-0.110069419900246	-0.00862768660217753	0.00712982812667703	-2.16077344349338e-05	0.00143147278115293	0.0329679072518691	0.00663919793612563	0	1	1	0	0	0	0.14	1.275	0.03025	0.414875	0
ponera_testacea	0.0488765516439223	-0.636819195974277	0.40789985131863	-0.000949141005878067	-0.110137776852781	-0.00863535822109123	0.0071365549708099	-2.16314655399722e-05	0.00143316777179117	0.0330095390070415	0.00664968389164067	0	1	1	0	0	0	0.255	0.85	0.059875	0.1695	0
prionopelta_opaca	0.039126579138961	-0.400323437547683	0.044533516166032	0.000308734598879687	0.0849126333926907	0.0315082498922557	-0.0386338525265527	-0.00148510523972817	0.0133309994274668	0.174224946673171	0.0114721890780676	0	1	1	0	0	0	0.64	1.375	0.15375	0.680875	0
probolomyrmex_boliviensis	0.038786510605851	-0.389891587829707	0.0190882086787428	0.00042023517129099	0.105311344358535	0.037811432913236	-0.0464144771924233	-0.0017980550924219	0.0162389255338543	0.213563812938463	0.0144427711246296	0	1	1	0	0	0	1.125	1.36	0.128	0.503375	0
probolomyrmex_dammermani	0.0387928182354013	-0.39000512938811	0.0190999549087809	0.000420579189683277	0.10541407778789	0.0378642881263387	-0.046483331163901	-0.00180116149773538	0.0162691807615893	0.213988259741177	0.0144787064150801	0	1	1	0	0	0	0.93	1.345	0.17625	0.488625	0
probolomyrmex_longinodus	0.0388056428229207	-0.39023618590578	0.0191239120973749	0.000421281825348003	0.105624132407488	0.03797267574571	-0.0466246105134843	-0.00180754624489303	0.016331424332799	0.214862221236863	0.0145529572787304	0	1	1	0	0	0	1.165	1.235	0.303125	0.32625	0
proceratium_goliath	0.0391938366526993	-0.397306590561563	0.0198778343140983	0.000443795689920807	0.112450749996915	0.0416363980362537	-0.051439371425487	-0.00203036870073667	0.0185331118769621	0.246165951126775	0.0173553443523903	0	1	0	1	0	0	1.045	1.315	0.2875	0.5045	0
proceratium_itoi	0.039178493110647	-0.397028050689293	0.019848381678867	0.00044292082962943	0.112186570111893	0.0414962034726863	-0.051255555444771	-0.00202191794412376	0.0184499188931254	0.244987135159599	0.0172512718952311	0	1	0	1	0	0	0.57	0.81	0.178625	0.42675	0
proceratium_pergandei	0.0391725036973813	-0.396918689851273	0.0198366486650096	0.000442569140197797	0.112079628646462	0.041438384008024	-0.0511794600223277	-0.00201838194452351	0.0184149027207846	0.244488278404711	0.0172062665889392	0	1	1	0	0	0	0.51	1.125	0.078125	0.20475	0
proceratium_silaceum	0.0391957909849363	-0.39734198572674	0.0198815548257049	0.000443905790213453	0.112483900179715	0.041653851733641	-0.051462218957651	-0.00203141424977875	0.0185433782179219	0.246311076564258	0.0173680337483425	0	1	1	0	0	0	0.43	1.18	0.108625	0.3855	0
protanilla_lini	0.0353240687210937	-0.310357657816299	-0.0835812682378837	0.00072612023241771	0.146077549305841	0.0415920611761163	-0.0494040973407317	-0.00174975480364522	0.0150257251284676	0.188263922964423	0.00995915161477387	0	1	0	1	0	0	0.78	1.13	0.258	0.42675	0
pseudomyrmex_concolor	0.0324817357508599	-0.226638247671133	-0.330704122991574	-0.0129273684031995	0.0624497535947633	0.100045273311864	-0.113026210024956	-0.0039988258042571	0.0355343098462183	0.464773425284443	0.0316273695187072	0	1	0	0	1	0	1.25	1.37	0.1955	0.41275	1
pseudomyrmex_ejectus	0.0325618786904025	-0.227649685111748	-0.333904233496667	-0.0130965607471057	0.0634364642519297	0.102393226323023	-0.115862322653365	-0.0041182391456207	0.0366927391523333	0.48112108942107	0.0330875690501939	0	1	0	1	0	0	0.645	1.36	0.0585	0.512875	1
pseudomyrmex_pallidus	0.0324941506702839	-0.226793480913791	-0.331183662340845	-0.0129523350182577	0.0625936071978437	0.100376308508136	-0.113423294177858	-0.0040152101501224	0.035691444959474	0.46696740154845	0.0318148215578796	0	1	1	0	0	0	0.58	1.395	0.007875	0.503	1
pseudomyrmex_spinicola	0.0325580298373509	-0.227601446668387	-0.33375430599805	-0.0130887240230183	0.0633911689474437	0.10228807691005	-0.115735961747532	-0.00411299725281043	0.0366423125073	0.480414998675553	0.0330265083289491	0	1	0	0	0	1	1.075	1.395	0.137375	0.499	1
rhytidoponera_chalybaea	-0.0029960840153273	-0.123826091414006	-0.196145921587083	0.0268976309501365	0.160409083491185	0.324133103754963	-0.257232379319382	-0.0148294349781914	0.12217406220227	1.58308305465683	0.61734349849162	1	1	0	0	1	0	0.76	0.925	0.1255	0.248125	1
rhytidoponera_metallica	-0.0029933607398194	-0.123624564950544	-0.195471529156499	0.0267746224473404	0.159535016433317	0.321603074709491	-0.255101740310216	-0.0146864117696215	0.120903477881139	1.56552247094069	0.60877372618159	1	1	0	0	1	0	0.6	1.145	0.040125	0.258875	1
solenopsis_fugax	-0.217625242998567	0.112937791459928	0.0145588804819911	0.117949494074701	0.0131906160764172	0.84771455924336	0.519129142073883	0.187671853057185	-0.187139348730719	-0.25332227848693	0.182815648603377	0	1	0	0	0	1	-0.025	0.93	0.02475	0.170375	1
solenopsis_picta	-0.217191673974162	0.11253434248685	0.0144486102464289	0.116758515055212	0.0130316385691234	0.833008707765433	0.50956329791973	0.183633880447816	-0.182790727195378	-0.247034509197951	0.177103668321649	0	1	0	1	0	0	0.85	1.155	0.07675	0.202	0
stenamma_brevicorne	-0.180050102663926	0.0725512130918013	-0.0167372054114043	0.0770907839106713	0.0289558493758474	0.282791270043181	0.0748426032155373	-0.0149515351207887	0.0678825068904073	0.318288075342503	-0.623368460815607	0	1	0	1	0	0	0.125	0.67	0.078125	0.19275	0
stenamma_debile	-0.180394942971479	0.072801236631557	-0.0168605879675475	0.0778526881093753	0.0292989369938818	0.287672403155979	0.076218172213193	-0.0152746966658066	0.0694734069563117	0.326285310055616	-0.643383757463727	0	1	1	0	0	0	0.31	0.86	0.05925	0.174	1
stenamma_diecki	-0.178429879346138	0.0713691106863973	-0.0161442399758796	0.073389757146909	0.0272750325916437	0.258296479163409	0.0679044526513793	-0.0132970464797686	0.0596675467890733	0.276659250433436	-0.51554692645964	0	1	1	0	0	0	-0.065	0.85	0.034125	0.385875	0
stenamma_impar	-0.178179067854956	0.071189289979897	-0.0160580734465673	0.072867862270355	0.027043624843162	0.255146172452243	0.0670249728073553	-0.0130961056831162	0.0586941585641497	0.271840264676576	-0.504261850914273	0	1	1	0	0	0	0.3	0.835	0.09375	0.208875	0
strumigenys_emarginata	-0.257202088420632	0.161637753220991	0.0869706593792157	-0.429859298410263	-0.0031658408716919	-0.036592934934995	-0.00292433741231016	-0.0215381566516446	0.87878962910165	-0.145499540320904	0.0925116277035473	0	1	0	1	0	0	0.865	1.165	0.071625	0.23775	1
strumigenys_hexamera	-0.256885000266277	0.161280152695667	0.0865618837969787	-0.427162418285683	-0.0031421104243757	-0.0361971102103727	-0.00289071989215759	-0.0212486207808564	0.866020719831793	-0.143239638010259	0.0906975288926523	0	1	1	0	0	0	0.79	0.84	0.253125	0.306	0
strumigenys_lewisi	-0.257238040208703	0.161684882860454	0.087044364040722	-0.430432014414997	-0.00317148942479728	-0.036716226747074	-0.00293533702367654	-0.0216463600447588	0.883905471172643	-0.146462516275742	0.0934851429949923	0	1	0	1	0	0	0.43	0.96	0.12475	0.42675	1
strumigenys_lujae	-0.256309157362635	0.160634952602017	0.0858369725278563	-0.422434529654773	-0.00310089241935426	-0.0355277992772357	-0.00283420440772056	-0.0207702414565259	0.845136608570813	-0.13957904389871	0.087882435111969	0	1	1	0	0	0	0.875	1.23	0.091625	0.218125	0
strumigenys_rogeri	-0.257118545788171	0.161543751291374	0.0868638216373437	-0.42915698467405	-0.00315967830317744	-0.0364909152469867	-0.002915686105579	-0.0214639712109984	0.875525897190967	-0.144923197751352	0.0920531301506607	0	1	0	1	0	0	1.315	1.315	0.202	0.202	0
strumigenys_serrula	-0.257067620289936	0.161486434238272	0.086798633164822	-0.42872827598072	-0.0031559153018564	-0.0364285659342677	-0.00291039794832728	-0.0214186028319135	0.873529415242447	-0.144570552894868	0.09177232003237	0	1	0	1	0	0	1	1.315	0.1485	0.242875	0
strumigenys_solifontis	-0.257086030044279	0.16150717749884	0.086822290479193	-0.428884124704787	-0.00315728507182387	-0.036451341514741	-0.00291233102131823	-0.0214352203100179	0.874261489981487	-0.144699991622621	0.0918758050254927	0	1	0	1	0	0	0.79	0.81	0.306	0.4195	1
tapinoma_madeirense	0.0372930569022263	-0.299445255224243	-0.80684614644448	-0.0945731573547027	-0.554774905746633	-0.0980253566205313	0.0895372628998857	0.00189599877659832	-0.0131107471594147	-0.137746865548726	-0.00395316549986583	0	0	0	0	0	1	0.405	0.92	0.048375	0.18225	1
tapinoma_minutum	0.0373162062384673	-0.299778261162494	-0.808744370424253	-0.094869363217698	-0.55684662736768	-0.0985506843072527	0.0900466382637567	0.00190857141445178	-0.0132045490253569	-0.138798606208183	-0.00399101958366867	0	0	0	1	0	0	0.585	1.375	0.126625	0.6235	1
tapinoma_nigerrimum	0.037334137908139	-0.300036448640799	-0.81021955202186	-0.095099895080058	-0.558460850857193	-0.098961268011571	0.09044500398875	0.00191842173568078	-0.0132781137564873	-0.139624199502521	-0.00402084505703137	0	0	0	0	1	0	0.245	1.055	0.009625	0.11675	1
tapinoma_subboreale	0.0373154680936253	-0.299767646323819	-0.80868391254184	-0.09485993397715	-0.556780703417817	-0.0985339855954063	0.0900304500886493	0.00190817209316726	-0.0132015707728869	-0.138765223239084	-0.00398981955147327	0	0	0	0	1	0	0.37	0.49	0.067125	0.10725	1
tatuidris_tatusia	0.0401158785468753	-0.426788346074303	0.0954950557989523	0.000107573372475267	0.0505000337481303	0.0222998179126237	-0.0275426275083641	-0.00106662670177702	0.00956563079627753	0.124680558881963	0.00807578414495293	0	1	1	0	0	0	0.585	1.32	0.155	0.5045	0
technomyrmex_albipes	0.0372538515556733	-0.298879411303323	-0.803593180159477	-0.0940627873913076	-0.551190068707283	-0.09710564071063	0.088643313492625	0.0018737789055259	-0.0129443141291723	-0.135873919473474	-0.00388472773466277	0	0	0	0	0	1	0.835	1.43	0.00325	0.61125	1
temnothorax_andrei	-0.243667460390651	0.143088390535977	0.0417768327785553	0.406492118079517	-0.0532591319547057	-0.215711480933184	-0.080057195573269	0.217086043166225	0.00077805860063071	0.00222819304348601	-1.11648267969201	0	1	0	1	0	0	0.155	1.065	0.014125	0.1945	0
temnothorax_crassispinus	-0.243512448549252	0.142924243105371	0.041673740030812	0.405142478410233	-0.0530465451584887	-0.214447613852151	-0.0795569469166947	0.215483639233052	0.000771815511608297	0.00220898037929548	-1.10406222057323	0	1	0	1	0	0	0.22	0.83	0.0625	0.170375	1
temnothorax_curvispinosus	-0.243892329377338	0.143326425147717	0.0419261738631163	0.40844575196874	-0.053566662613441	-0.217536310974872	-0.080779169095438	0.219395687826613	0.000787050259770913	0.00225584393676467	-1.13430008354394	0	1	0	1	0	0	0.395	1	0.090875	0.226125	1
temnothorax_interruptus	-0.243466196353566	0.142876756748104	0.0416462745453303	0.404802240050713	-0.052995299574983	-0.214180426407121	-0.079454192470945	0.215181877198786	0.00077069892205132	0.0022057108525345	-1.10238136298139	0	1	0	1	0	0	0.165	0.77	0.043375	0.17725	1
temnothorax_longispinosus	-0.243717084073885	0.143140568988584	0.0418090188968707	0.406908693362743	-0.0533241667885377	-0.216088839598027	-0.0802058138546987	0.217555316847029	0.000779872290014597	0.00223373326076931	-1.11995711286218	0	1	0	1	0	0	0.125	0.845	0.0835	0.226125	1
temnothorax_nigriceps	-0.243768730025131	0.143194885327512	0.0418425416497377	0.407342713412137	-0.0533919425415393	-0.216482375109331	-0.0803608249720743	0.218044972493646	0.000781765173733533	0.00223951656837402	-1.12358696865905	0	1	0	1	0	0	0.255	0.735	0.07725	0.1715	1
temnothorax_parvulus	-0.244105843436057	0.14355127096199	0.0420654046504637	0.41025219181271	-0.0538492185187177	-0.219184383989839	-0.0814289385517983	0.221453715775134	0.000795018049920427	0.0022802217471482	-1.14968836800387	0	1	0	1	0	0	0.18	0.885	0.023375	0.17725	1
temnothorax_tuberum	-0.244089709612013	0.1435342839023	0.0420548905210887	0.410115815511127	-0.0538278917491567	-0.219060063738402	-0.081379929878985	0.221298542438245	0.000794417399703223	0.00227838434969752	-1.14852933762575	0	1	0	1	0	0	-0.05	0.945	0.0545	0.247	1
temnothorax_unifasciatus	-0.243662481152552	0.143083154142511	0.041773601464783	0.40645028591323	-0.0532525999725243	-0.215673560402248	-0.080042259475404	0.217038867392144	0.000777876241835517	0.00222763591447772	-1.11613307656597	0	1	0	0	1	0	0.215	0.935	0.058875	0.176875	1
tetramorium_alpestre	-0.249496173028022	0.149769246476195	0.0470558812700723	0.48872892997917	-0.068413442279099	-0.379760301830163	-0.157755478398818	0.77832958252564	0.00783686093748183	-0.0188112189852115	0.425676182079123	0	1	0	0	0	1	-0.095	0.52	0.061875	0.249875	1
tetramorium_caespitum	-0.251785659314454	0.152258976180446	0.048758805122646	0.512711896572207	-0.0724744365597213	-0.413428889169353	-0.172726312600347	0.866522239417873	0.00880808522752173	-0.0213308463354898	0.501053007124143	0	1	0	0	0	1	-0.085	0.99	0.023875	0.2605	1
tetramorium_impurum	-0.249492369935697	0.149765204941199	0.0470532760318627	0.488693610342237	-0.068407637814086	-0.379716001287877	-0.157736115939496	0.778221070476403	0.00783569920691553	-0.0188082832379917	0.425597456490463	0	1	0	0	0	1	-0.085	0.89	0.05575	0.242875	1
tetramorium_semilaeve	-0.250719220149881	0.151100770956031	0.0479692200738077	0.50161489752578	-0.0705984181592577	-0.397942874999837	-0.165846514691911	0.826096345233183	0.00836352305915733	-0.0201790279391563	0.466776827171037	0	1	0	0	0	1	0.31	1.05	0.018125	0.1615	1
tetramorium_simillimum	-0.252113822733868	0.152615448305151	0.0490019746484187	0.516131106905153	-0.073052721366412	-0.41820904547867	-0.174850623237139	0.879017273577197	0.0089455767239413	-0.0216872863740772	0.511689439923197	0	1	0	0	1	0	0.82	1.295	0.002	0.237125	1
tetraponera_rufonigra	0.0324991294267251	-0.226855726900853	-0.33137589392013	-0.0129623415047584	0.0626512549496523	0.100508918033952	-0.113582350410147	-0.0040217716812717	0.035754366382072	0.467845838862933	0.0318898426978545	0	1	0	0	1	0	0.935	1.425	0.097	0.61125	1
thaumatomyrmex_atrox	0.048246036100183	-0.62210965851772	0.38799431865739	-0.0008875294642812	-0.101618843251367	-0.00767838334316683	0.0062972638146935	-1.86688254700327e-05	0.00122148848778254	0.027808647362065	0.00533785237278573	1	1	1	0	0	0	1.115	1.37	0.128	0.472125	0
thaumatomyrmex_contumax	0.0482596195435763	-0.622423340649103	0.38840783649867	-0.00088878805686973	-0.101790588154578	-0.00769698572634663	0.0063134555789943	-1.87247409497695e-05	0.00122543436961131	0.0279044846322899	0.005360892616162	1	1	1	0	0	0	1.155	1.17	0.14275	0.173125	0
typhlomyrmex_rogenhoferi	-0.0029742419665775	-0.122205435464929	-0.190685576426688	0.0258973648845342	0.15327753752514	0.303300287297668	-0.239655164118554	-0.0136431223065174	0.111603110243178	1.43657313553971	0.54501969306559	0	1	0	0	1	0	0.805	1.35	0.096125	0.5045	0
