species	GamOvSt	sting	eat_sug_liq	c1	c2	c3	c4	c5	c6	c7	c8	c9	c10	c11	colonySize	min_temp	max_temp	min_hum	max_hum
Acanthomyrmex.ferox	1	1	1	-1.50786768615665	1.44659222424477	0.671789739391813	-0.099862795201247	0.23530214130608	0.272542257235996	0.0271122867151743	-2.09544681252216	0.151043863404854	-0.046579305811148	-0.19844032358601	0	0.803846153846154	0.913333333333333	0.694242424242424	0.421136363636364
Acanthomyrmex.notabilis	1	1	1	-1.50786768615462	1.44659222424223	0.671789739389157	-0.0998627952006317	0.235302141304514	0.272542257233779	0.0271122867149513	-2.09544681250282	0.151043863403403	-0.0465793058106547	-0.198440323583794	0	0.984615384615385	0.853333333333333	0.551818181818182	0.206931818181818
Acromyrmex.balzani	1	0	0	-1.66217799821625	1.65017964343319	0.95941684064208	-0.220155508266143	0.57601802104628	2.06390111356865	0.89992298409884	4.77617408802917	-0.135350147986652	-0.0364624870486673	-0.213399140594778	1	0.680769230769231	0.916666666666667	0.246060606060606	0.198863636363636
Acromyrmex.crassispinus	1	0	0	-1.66743664249204	1.65704561526541	0.968500569851397	-0.22354453614855	0.58538483818875	2.10537560767264	0.918791179347427	4.88617682212483	-0.13860047788377	-0.0374525918360127	-0.219373382978873	2	0.611538461538462	0.766666666666667	0.292727272727273	0.326136363636364
Acromyrmex.octospinosus	1	0	0	-1.67572994289184	1.6678683154428	0.982781039450887	-0.228856973969414	0.60006155679742	2.170242399618	0.94828918320186	5.05798502006657	-0.143674686849574	-0.0389960325013563	-0.228682822766365	2	0.657692307692308	0.913333333333333	0.163636363636364	0.82625
Acromyrmex.subterraneus	1	0	0	-1.65387224894845	1.63934721957229	0.945168943948487	-0.214873752237875	0.561433505038907	1.99958616053353	0.870690746406773	4.60611757201457	-0.130330524985097	-0.0349384057852813	-0.204210900191677	1	0.646153846153846	0.913333333333333	0.224242424242424	0.274090909090909
Amblyopone.australis	1	1	0	-0.437816231873023	-1.9028729732458	-0.253713489179343	0.195848054404366	-0.86881598563429	-0.199679284445882	-0.0300184374246143	0.175783531073334	1.44220131639093	2.96290961937722	-1.14328315687487	1	0.230769230769231	0.93	0.0533333333333333	0.733863636363636
Aneuretus.simoni	1	1	1	-0.257065911612376	-0.610915809865743	-2.74479553936571	-0.309021014539149	0.68185120443227	0.0279814433367619	-0.000892298034909693	0.0297894166092726	0.290023407738571	-0.118918686603749	-0.0354616962975863	0	0.861538461538461	0.88	0.7	0.447386363636364
Anochetus.kempfi	1	1	0	-0.71873019071114	-3.88891032927677	2.24246419563438	-0.289151821766568	1.16619013544368	0.205402156922477	0.0299509865173201	-0.170949202426755	-1.42447501258868	-3.8115956331469	1.77084799126444	0	0.976923076923077	0.846666666666667	0.546363636363636	0.204886363636364
Anoplolepis.gracilipes	1	0	1	2.09345867602651	0.411044981073587	0.164758746431173	0.679746924881817	0.151401783425868	-0.165656379209649	0.497102796522427	-0.0128674445048305	-0.030636150222536	0.00330053087440371	0.0144191890952604	2	0.342307692307692	0.983333333333333	0.0187878787878788	0.600340909090909
Aphaenogaster.senilis	1	0	1	-1.32467149733031	1.20577051355341	0.344147500663707	0.0192060659701973	-0.0873973603042913	-0.779374880574527	-0.3485492338483	-0.53704955668572	-0.088472908057615	0.12971704297125	0.70520313425199	1	0.35	0.646666666666667	0.0793939393939394	0.112727272727273
Aphaenogaster.subterranea	1	0	1	-1.34065390026627	1.22508345111552	0.357365946881093	0.0204846980133049	-0.093604835893144	-0.85096916055182	-0.38231764345016	-0.595724286313987	-0.098681474363539	0.147378236036714	0.80537411191281	1	0.0846153846153846	0.58	0.133636363636364	0.18
Atopomyrmex.mocquerysi	1	1	1	-1.50155484190972	1.43863607285565	0.66343101880876	-0.097855565527728	0.23031074502979	0.265427288798608	0.0263744974695353	-2.03294653459472	0.146351424674505	-0.0449484867163513	-0.19128365278131	2	0.715384615384615	0.876666666666667	0.0715151515151515	0.230795454545455
Atta.laevigata	1	0	0	-1.67152902870387	1.66238632618111	0.975548801086773	-0.226167011818876	0.59263016589381	2.13740151108018	0.93335524993322	4.97100893561123	-0.141105993603963	-0.038214772255462	-0.2239706713075	2	0.75	0.913333333333333	0.29030303030303	0.247954545454545
Atta.sexdens	1	0	0	-1.67769802216577	1.67043666261415	0.986170073682153	-0.230117768259935	0.603544783926383	2.18563762382131	0.955290160321687	5.09876205609123	-0.144879009463829	-0.0393623629988793	-0.230892398993398	2	0.530769230769231	0.913333333333333	0.246060606060606	0.331931818181818
Atta.texana	1	0	0	-1.67517354177415	1.66714186058374	0.981820041433777	-0.228498494099212	0.599070792384583	2.16585602106936	0.946293725737037	5.04635222935007	-0.143330976768726	-0.0388913452283623	-0.228051166165237	2	0.484615384615385	0.77	0.0857575757575758	0.170227272727273
Basiceros.manni	1	1	0	-1.54417504363643	1.49534276268805	0.748718373375427	-0.138707757542788	0.34964133987751	1.03489895830537	0.42882632043428	1.98658979756589	-0.0522867634955497	-0.0104922660439515	-0.0555354151982743	0	0.796153846153846	0.866666666666667	0.651515151515151	0.541022727272727
Brachymyrmex.patagonicus	1	0	1	1.40378761755773	0.217771625033882	-0.206948567960127	0.68961031830905	-0.0783639328844993	-0.49219953232341	0.83387734107606	0.0165481475795337	0.121578995439424	0.056924710065608	0.159339196266285	1	0.246153846153846	0.893333333333333	0.0451515151515152	0.458636363636364
Brachyponera.chinensis	0	1	0	-0.692167116781967	-3.70042156590763	1.99881061491105	-0.238905809734728	0.952632457073117	0.159406783313937	0.0229699598316804	-0.127424968278826	-1.04733211606704	-2.68013476121179	1.23011110351669	2	0.365384615384615	0.74	0.213030303030303	0.387954545454545
Camponotus.cruentatus	1	0	1	2.83072876135237	0.624877711655017	0.717987813851507	-3.7623285329728	-0.729094862070087	0.129366409546134	-0.450044911493657	0.0114080485777084	0.0258696665155756	-0.00234019266843013	-0.0097669158926784	2	0.126923076923077	0.596666666666667	0.0903030303030303	0.161136363636364
Camponotus.fellah	1	0	1	2.84215174859843	0.628194309221843	0.726664326125083	-3.83630415688023	-0.744240099940257	0.13268902838257	-0.46210644459056	0.0117440103630113	0.0266641410872048	-0.00242149872208398	-0.0101168157573123	2	0.407692307692308	1.02333333333333	0.000303030303030303	0.0640909090909091
Camponotus.floridanus	1	0	1	2.84871291555306	0.630098911174473	0.731641361602553	-3.87868391056063	-0.752914979024307	0.134590545638914	-0.469007857736543	0.0119361534397659	0.0271184161519546	-0.00246795593413521	-0.0103167056363799	2	0.638461538461539	0.84	0.304242424242424	0.179090909090909
Camponotus.herculeanus	1	0	1	2.84672162662155	0.629521486350473	0.730140852012193	-3.86598431321927	-0.750317722179473	0.134023406217265	-0.466951238581627	0.0118790107669276	0.0269834456818812	-0.00245419474526381	-0.0102575435232802	2	-0.434615384615385	0.576666666666667	0.0484848484848485	0.244886363636364
Camponotus.mus	1	0	1	2.83260163056544	0.625419723691543	0.71938162487803	-3.7739893785017	-0.731475667547973	0.129882447510387	-0.45191308680264	0.0114597500661011	0.0259915554754324	-0.00235254590307258	-0.00981994003701777	1	0.326923076923077	0.893333333333333	0.0687878787878788	0.395227272727273
Camponotus.pennsylvanicus	1	0	1	2.84242419661984	0.628273230178203	0.72686829355481	-3.8380201885227	-0.744590752577127	0.132765309950071	-0.462382830803253	0.0117516744054123	0.0266822264431316	-0.00242333715780057	-0.0101247132952446	1	0.0153846153846154	0.696666666666667	0.0687878787878788	0.205568181818182
Camponotus.sanctus	1	0	1	2.83683027040895	0.626645110193733	0.722554580060403	-3.80073495863623	-0.736942254988177	0.131072953596086	-0.45622758623614	0.0115794533029588	0.0262740971566772	-0.00238128882309349	-0.009943437374717	2	0.184615384615385	0.663333333333333	0.0893939393939394	0.104545454545455
Camponotus.vagus	1	0	1	2.83605174092669	0.626419725876227	0.721973958827397	-3.79586790576817	-0.73594826404939	0.13085724027355	-0.455446437170413	0.0115578209084442	0.026223081799245	-0.00237611340366838	-0.0099212169410247	2	-0.00384615384615385	0.6	0.06	0.161136363636364
Camponotus.yamaokai	1	0	1	2.83283111991142	0.62548613683718	0.71955238915254	-3.77541783504287	-0.731767311416013	0.129945656010669	-0.45214191186637	0.0114660824978387	0.0260064842142087	-0.00235405880889499	-0.00982643381701347	0	0.584615384615385	0.54	0.45030303030303	0.381363636363636
Cardiocondyla.obscurior	0	1	1	-1.54991505662545	1.50008180957187	0.73091818800043	-0.114929854824408	0.273105673094222	0.328643094332951	0.0329842526073811	-2.60415569127707	0.189652310542407	-0.060478219111468	-0.260023346465108	1	0.857692307692308	0.753333333333333	0.394242424242424	0.243522727272727
Carebara.overbecki	0	1	1	-1.50061509318709	1.43737472158289	0.66165208989145	-0.0972943830091147	0.228863455112187	0.263023576109716	0.0261168577257166	-2.00938959236825	0.144519103371077	-0.0442380169156503	-0.18807570143869	1	1.03076923076923	0.893333333333333	0.72	0.27
Carebara.perpusilla	0	1	0	-1.50005768125868	1.43667412221077	0.66092693062251	-0.097123271590298	0.228439079188239	0.262425892950226	0.0260550547864336	-2.00418948804892	0.144129968996169	-0.0441042295643137	-0.187490334298851	1	0.703846153846154	0.903333333333333	0.133939393939394	0.208068181818182
Cataglyphis.iberica	1	0	1	2.50444396313435	0.525904120410793	0.365378360396883	2.64630236457625	0.925576638515367	0.943444066179457	-1.9614849632428	0.0286879655207475	0.05587600645971	-0.0036281867379327	-0.0141230118668339	1	0.265384615384615	0.596666666666667	0.0854545454545454	0.163522727272727
Cataglyphis.nigra	1	0	1	2.50262148589993	0.52540258786225	0.36460003883668	2.63732128457938	0.922268092234433	0.93932980575396	-1.95258609513715	0.0285459682189007	0.0555885669432183	-0.00360729756385083	-0.0140394076270848	1	0.526923076923077	0.726666666666667	0.00272727272727273	0.0668181818181818
Cataulacus.muticus	1	0	1	-1.48895319929204	1.42270099183498	0.646375655813713	-0.0936667127525023	0.219858133477785	0.250289349565636	0.0247988859935466	-1.89825688340557	0.136194353026889	-0.0413666470702983	-0.1755016283723	1	1	0.866666666666667	0.907575757575758	0.340340909090909
Cephalotes.atratus	1	0	1	-1.56307671911081	1.51952519979262	0.77694361895758	-0.147437321888542	0.372974857972277	1.12167553979159	0.466481993001573	2.17988819869603	-0.057613080140359	-0.0117163139567035	-0.062237334828247	2	0.723076923076923	0.93	0.00484848484848485	0.466931818181818
Cephalotes.goniodontus	1	0	1	-1.56873915854257	1.5267539238409	0.78528856681886	-0.149989857371429	0.37978737923836	1.14685395855386	0.477393514169343	2.23573499522658	-0.0591498932298943	-0.01206813163401	-0.0641618225335887	1	0.669230769230769	0.87	0.242727272727273	0.168863636363636
Cephalotes.pusillus	1	0	1	-1.56922824843879	1.52737827864956	0.786009198453307	-0.150210238618821	0.38037554295435	1.14902748172586	0.478335423018123	2.24055550576223	-0.059282541691832	-0.0120984954123001	-0.0643279119201667	1	0.653846153846154	0.916666666666667	0.0672727272727273	0.364318181818182
Crematogaster.ashmeadi	1	0	1	-1.53192947534167	1.47715952410622	0.70531928504165	-0.10832688433013	0.256507985165453	0.303804009870141	0.0303792884338521	-2.37740917617612	0.17240396620332	-0.0542222383181773	-0.232247581969308	2	0.434615384615385	0.84	0.15	0.192613636363636
Cryptopone.gilva	1	1	0	-0.646614125843067	-3.37002075673623	1.51445996892904	-0.121090625325168	0.43809484971524	0.0328394108918978	0.00310077840870012	0.0076827167657552	0.177622881536221	1.66726223027207	-0.96052613105688	0	0.519230769230769	0.866666666666667	0.161818181818182	0.449772727272727
Cryptopone.sauteri	1	1	0	-0.647033842663437	-3.37289089528843	1.51735901608142	-0.121462419933049	0.439512979670253	0.0329696447638113	0.00311358353603544	0.00771740829330687	0.17845733776876	1.67605766734486	-0.965740639530913	0	0.369230769230769	0.54	0.302424242424242	0.381363636363636
Cyphomyrmex.rimosus	1	0	0	-1.62557450982576	1.60242561083894	0.896498829870883	-0.196788102088144	0.51147624409982	1.77894888874262	0.77037302316334	4.02205510940873	-0.11308394924271	-0.0296955807595505	-0.172593266958134	1	0.465384615384615	0.906666666666667	0.0884848484848485	0.46625
Daceton.armigerum	1	1	1	-1.52501949055255	1.47110673921412	0.72256734043385	-0.131819939205021	0.33188326457793	0.983179957534643	0.408293198245873	1.91033756722432	-0.050676894387619	-0.0106752868816754	-0.0578099214828693	2	0.823076923076923	0.913333333333333	0.408787878787879	0.373181818181818
Dinoponera.quadriceps	2	1	1	-0.670422878598957	-3.53609292578453	1.70207768774963	-0.148774423773737	0.546053918127223	0.0438385304535737	0.004209731195451	0.0108791584530829	0.256916191293859	2.59568691043996	-1.52777182066072	0	0.911538461538462	0.88	0.159090909090909	0.302386363636364
Discothyrea.sauteri	1	1	0	-0.432556941248027	-1.85246354766039	-0.422483344793163	0.260136474083857	-1.16197653635988	-0.281370794441789	-0.0429797229105847	0.262853281445004	2.20758838478927	4.9279235710517	-1.93981361315677	0	0.446153846153846	0.723333333333333	0.439393939393939	0.381363636363636
Dolichoderus.thoracicus	1	0	1	-0.299820678870919	-0.752541139873117	-4.8712270264223	-1.12791335178244	2.95925317044846	0.82338592277472	0.0770101175193227	-0.246084502292784	-1.66790027044192	0.34361981607464	0.0902004906995357	2	0.746153846153846	0.913333333333333	0.339090909090909	0.455909090909091
Dorylus.laevigatus	1	1	0	-0.294648720921222	-0.868240699860547	-1.88397269099017	0.883324553634553	-4.5619671912101	1.82256111039518	0.127023484255398	-0.243927869609721	-1.28957865351135	-0.416389522723537	0.0165995291837994	2	0.75	0.913333333333333	0.621212121212121	0.459204545454545
Ectatomma.ruidum	1	1	1	-0.381008699905093	-0.0214653292669331	-1.1950029356829	0.473672295713063	-1.24871044734692	-2.55502296854993	-0.57305817019311	0.599576436236383	2.30991801924058	2.03796786783046	8.88484335938923	0	0.334615384615385	0.966666666666667	0.155151515151515	1.01079545454545
Eurhopalothrix.biroi	1	1	0	-1.54727045586348	1.49928001379556	0.753174716782013	-0.140040269799288	0.35318572866328	1.04780280006413	0.434399142828833	2.01487847889814	-0.053062163130731	-0.0106675437677364	-0.0564909447417797	0	0.761538461538462	0.846666666666667	0.562727272727273	0.479545454545455
Eurhopalothrix.heliscata	1	1	0	-1.54727045586556	1.4992800137982	0.753174716785	-0.140040269800179	0.353185728665633	1.0478028000727	0.434399142832527	2.01487847891692	-0.0530621631312477	-0.0106675437678574	-0.0564909447424063	1	0.85	0.736666666666667	0.747272727272727	0.280227272727273
Forelius.damiani	1	0	1	-0.302593827186304	-0.761734219049993	-5.0097968839241	-1.18149026307829	3.10833585520652	0.87557261879681	0.0821237688591803	-0.26421291505754	-1.79662289301755	0.37407176922242	0.09847642947716	0	0.657692307692308	0.933333333333333	0.183333333333333	0.458636363636364
Formica.cinerea	1	0	1	2.61371375141356	0.55678048620224	0.421090477953277	3.426104720257	1.22190849930857	1.37070931818292	-2.91991927237157	0.0454434108274427	0.0913960478759347	-0.00666284685391583	-0.0268621075727716	2	0.0423076923076923	0.506666666666667	0.144545454545455	0.155
Formica.exsecta	1	0	1	2.56926171315231	0.544356293224587	0.39997304844663	3.15054857036559	1.11829986107535	1.22832894436937	-2.60408981991114	0.0400690079613347	0.0801506652430063	-0.00574233738628653	-0.0230430879867414	2	-0.25	0.453333333333333	0.0733333333333333	0.236818181818182
Formica.fusca	1	0	1	2.56677821122275	0.54360120990966	0.398125071083843	3.11785120265467	1.10552065796287	1.20776658192151	-2.55693680098188	0.039203702396481	0.0782766827065097	-0.00557206809579023	-0.0223176002077222	1	-0.0653846153846154	0.61	0.0866666666666667	0.232613636363636
Formica.glacialis	1	0	1	2.61339175210275	0.55669040420069	0.4209366013823	3.42408566774957	1.2211487245445	1.36966149291321	-2.91759309499752	0.0454037508670677	0.0913129879535403	-0.00665602809130533	-0.0268337958585906	2	0.0615384615384615	0.333333333333333	0.20969696969697	0.156931818181818
Formica.japonica	1	0	1	2.56926171315231	0.544356293224587	0.39997304844663	3.15054857036559	1.11829986107535	1.22832894436937	-2.60408981991114	0.0400690079613337	0.0801506652430053	-0.00574233738628667	-0.0230430879867413	2	0.226923076923077	0.64	0.213030303030303	0.381363636363636
Formica.lugubris	1	0	1	2.5801344898177	0.547318093005427	0.404291611687577	3.19598177004597	1.13476438511621	1.24712397598878	-2.64381083032038	0.0406644443683743	0.0813153460260647	-0.00581604522349167	-0.0233244091796706	2	-0.126923076923077	0.523333333333333	0.127878787878788	0.232613636363636
Formica.obscuripes	1	0	1	2.61504021250837	0.557150727549933	0.421715328282037	3.43419526183177	1.22494712201143	1.37486458630809	-2.92912633933792	0.045599677636425	0.0917226169447883	-0.0066894743421781	-0.0269724650523653	2	-0.0423076923076923	0.57	0.0554545454545455	0.31375
Formica.paralugubris	1	0	1	2.56760353634483	0.543833505737487	0.398533266877547	3.12333781710722	1.1075912534515	1.21065333185515	-2.56335844570237	0.0393136470202267	0.078507327103039	-0.00559107899851713	-0.0223965915250494	2	0.0576923076923077	0.296666666666667	0.196666666666667	0.162727272727273
Formica.polyctena	1	0	1	2.5790443245283	0.547015060366263	0.40379186676042	3.18969113176573	1.13241205615768	1.24397110843244	-2.63685790229614	0.040547788795774	0.081072926539334	-0.0057966444742285	-0.0232444183251478	2	-0.0230769230769231	0.503333333333333	0.0866666666666667	0.145113636363636
Formica.pratensis	1	0	1	2.61209161444552	0.556327422478723	0.42032320259676	3.41613154008207	1.21816067469232	1.36557135181705	-2.9085282869459	0.0452498157878973	0.0909912090558897	-0.00662976948609543	-0.0267249429655298	2	-0.25	0.51	0.0836363636363636	0.236818181818182
Formica.rufa	1	0	1	2.61584806476669	0.557376974227533	0.422103921584133	3.4393229819448	1.22687821869727	1.37753680987327	-2.9350630908285	0.045701070281669	0.09193513422639	-0.00670696438211267	-0.0270451314537251	2	-0.0615384615384615	0.536666666666667	0.0824242424242424	0.236818181818182
Formica.sanguinea	1	0	1	2.56760353634827	0.543833505738443	0.398533266879103	3.12333781712681	1.10759125345882	1.21065333186491	-2.56335844572387	0.039313647020586	0.0785073271037883	-0.00559107899858503	-0.0223965915253037	2	-0.107692307692308	0.583333333333333	0.0836363636363636	0.236818181818182
Formica.subintegra	1	0	1	2.57055437086304	0.544654426880097	0.399892940696357	3.14053267241496	1.11402539817251	1.2193021465475	-2.58244380269285	0.0396343475050153	0.0791742467112317	-0.00564457338647437	-0.0226172855214659	2	0.0538461538461538	0.56	0.129090909090909	0.194886363636364
Formica.truncorum	1	0	1	2.6167672196486	0.557633636695137	0.42253806408458	3.44495848268597	1.22899557017253	1.38043701676909	-2.94149165022111	0.0458102757538523	0.0921634501411657	-0.0067256057644421	-0.0271224185653388	2	-0.130769230769231	0.533333333333333	0.127878787878788	0.236818181818182
Formicoxenus.provancheri	1	1	1	-1.57853795317779	1.53847655061809	0.787510078954283	-0.13530830771944	0.327089169922059	0.432253952146737	0.044538510098584	-3.77869793464247	0.286393546214619	-0.107270113541032	-0.48704077773111	0	-0.0384615384615385	0.32	0.109393939393939	0.141136363636364
Gnamptogenys.striatula	2	1	1	-0.375792598421453	-0.0210793441646229	-1.14643156910379	0.442598228921117	-1.16226692284575	-2.33745887154755	-0.522198911530957	0.541266305089427	2.07596159869324	1.80542891455487	7.84066177126677	1	0.530769230769231	0.933333333333333	0.00484848484848485	0.820909090909091
Hypoponera.eduardi	0	1	0	-0.61637925941997	-3.16212778890045	1.29789034773515	-0.092222143973426	0.327305162010466	0.0223662830008729	0.00206372248295942	0.00482330577192773	0.108233671242376	0.913136681573043	-0.50942163248527	1	0.373076923076923	0.65	0.0172727272727273	0.165454545454545
Lasius.brunneus	1	0	1	2.17280007542491	0.42704392961519	0.086363191461563	1.96431062608037	0.263502638836653	-1.80904576500125	5.50977122249777	-0.201576569231127	-0.6766012747019	-0.122862879230947	-0.298015272957068	2	-0.0115384615384615	0.596666666666667	0.138484848484848	0.154886363636364
Lasius.flavus	1	0	1	2.18480335970786	0.430156554560167	0.0878207633457447	2.01929914360524	0.271317975010103	-1.87623768637451	5.72394187144847	-0.210246799990492	-0.707051229288503	-0.12918613051503	-0.313876614723868	2	-0.25	0.573333333333333	0.0566666666666667	0.238068181818182
Lasius.fuliginosus	1	0	1	2.16019993045342	0.42379397295738	0.0848843086951873	1.91029432651704	0.255862009735768	-1.74473276949001	5.30576648319993	-0.193412364095687	-0.648085584231337	-0.117044826649668	-0.28349032984096	2	-0.0384615384615385	0.513333333333333	0.06	0.210340909090909
Lasius.neglectus	1	0	1	2.1759464521559	0.427867819830537	0.086768737461867	1.98042868580974	0.265810314273481	-1.82952269792615	5.57549869529727	-0.204281208905011	-0.68617291143174	-0.124898641300856	-0.30315398628408	2	0.392307692307692	0.526666666666667	0.156969696969697	0.119318181818182
Lasius.niger	1	0	1	2.17270833656089	0.42702033119136	0.0863526041280487	1.96392984288757	0.263448896594756	-1.80859778505393	5.50835331051807	-0.201520116700471	-0.676404579091397	-0.122823056129032	-0.297916057199866	2	-0.25	0.596666666666667	0.0442424242424242	0.232613636363636
Lasius.platythorax	1	0	1	2.17396736892716	0.427344781302597	0.0864995498212493	1.96926967373333	0.264203662578337	-1.81493045358618	5.5284264333689	-0.202322074164698	-0.679203387313013	-0.123392650451371	-0.299337109832037	2	-0.0230769230769231	0.536666666666667	0.135757575757576	0.230795454545455
Leptanilla.japonica	1	1	0	-0.34305499000955	-1.26353517113925	-0.83689594010002	0.253539426682706	-1.07294665431411	-0.204042561322473	-0.0293359367369023	0.152654494858808	1.17185131767137	1.72427785039381	-0.55292370566401	0	0.546153846153846	0.473333333333333	0.621212121212121	0.232954545454545
Leptogenys.schwabi	2	1	0	-0.679396024924623	-3.60979783853657	1.88166307438478	-0.214751018082154	0.849972098953197	0.137300149225895	0.0196148557140324	-0.106509833310114	-0.8661123703974	-2.13659461637088	0.970366683540177	0	0.65	0.646666666666667	0.192727272727273	0.133295454545455
Leptomyrmex.erythrocephalus	1	0	1	-0.304266544075263	-0.767297175309497	-5.09507963849343	-1.21508140804009	3.20205773747648	0.908769160825057	0.0853852841813487	-0.275848138510344	-1.87948608331662	0.393860860703977	0.103868082558148	1	0.330769230769231	0.86	0.146060606060606	0.203409090909091
Leptothorax.acervorum	1	1	1	-1.58265770539183	1.54374662808138	0.79358446100511	-0.136985680697696	0.3313653045044	0.43918582514846	0.0452824788455967	-3.84776101363497	0.291841078961973	-0.109563607987612	-0.497759677178253	0	-0.5	0.406666666666667	0.0490909090909091	0.236818181818182
Leptothorax.muscorum	1	1	1	-1.58265770539183	1.54374662808138	0.79358446100511	-0.136985680697694	0.331365304504401	0.43918582514846	0.0452824788455963	-3.84776101363497	0.291841078961972	-0.109563607987611	-0.497759677178253	1	-0.0384615384615385	0.416666666666667	0.149393939393939	0.236818181818182
Linepithema.humile	1	0	1	-0.300761169615659	-0.755673861258953	-4.91964113976127	-1.14714249817312	3.01296666295825	0.842506801872923	0.078890788586159	-0.252810860474782	-1.71586093703148	0.355116165526023	0.0933357692163673	2	0.292307692307692	0.913333333333333	0.00363636363636364	0.326136363636364
Liometopum.occidentale	1	0	1	-0.301695090285107	-0.758809866005793	-4.97034787377447	-1.16842952605436	3.07294059823659	0.864714457689427	0.081095504177287	-0.260876667965223	-1.77401126776412	0.369574429783437	0.097319047361362	2	0.130769230769231	0.736666666666667	0.03	0.225113636363636
Manica.rubida	1	1	1	-0.895301479395137	0.642646833938433	-0.4346539701671	0.346021401184883	-1.0144922922874	-5.3710496494972	-2.39707326047361	1.29215294937049	-2.66257572453978	-0.566728864392763	-1.77822389916119	2	-0.111538461538462	0.503333333333333	0.172121212121212	0.2325
Megaponera.analis	1	1	0	-0.70017199443202	-3.75698453665277	2.07028540813947	-0.253267369521353	1.01343749987265	0.172279110986059	0.0249159665057849	-0.139443669154666	-1.1510058175251	-2.98666174825632	1.37602682869155	1	0.684615384615385	0.896666666666667	0.0457575757575758	0.268863636363636
Melophorus.bagoti	1	0	1	2.84008292417618	0.627595162168307	0.725117851418493	-3.82331381442717	-0.741586309770533	0.132112360585121	-0.46001758562171	0.0116861239119002	0.0265275842747316	-0.00240763115540777	-0.0100572599090833	1	0.65	0.92	0.0533333333333333	0.0765909090909091
Mesoponera.caffraria	1	1	1	-0.698371318191187	-3.7443033942626	2.05455450908304	-0.2501753969672	1.00039036470888	0.169558932179259	0.0245062042190228	-0.136934699223314	-1.12945384602341	-2.92381043573432	1.34622079134812	0	0.553846153846154	0.896666666666667	0.116666666666667	0.268863636363636
Messor.barbarus	1	0	0	-1.3407351273347	1.2251807781248	0.35742954815132	0.0204905245894025	-0.093632891036947	-0.85128092487069	-0.38246342444668	-0.5959723700594	-0.0987242050236077	0.147449769804376	0.8057761992439	2	0.342307692307692	0.646666666666667	0.0439393939393939	0.144431818181818
Messor.capitatus	1	0	0	-1.32740242957014	1.20903438292008	0.34624910079874	0.0193949511115874	-0.0883040676630267	-0.789306245567497	-0.353176898943297	-0.54485681319822	-0.089811875411206	0.131926023651312	0.717568176009367	2	0.265384615384615	0.623333333333333	0.0627272727272727	0.154886363636364
Messor.structor	1	0	0	-1.33064031657806	1.21291914185498	0.34880255370994	0.0196297892761206	-0.0894351690368877	-0.80188139174096	-0.35905635052143	-0.554855901118557	-0.0915333146370857	0.134800899780186	0.733713450925577	2	-0.0192307692307692	0.623333333333333	0.0566666666666667	0.155
Monomorium.pharaonis	0	1	1	-1.40458386356992	1.31238524050591	0.503175562303273	-0.047567275588133	0.098813450646444	-0.0264658891007383	-0.043023342726897	-0.42920838436294	0.00392345321324187	0.0231798033111387	0.13265916473908	1	0.703846153846154	0.953333333333333	0.0690909090909091	0.212386363636364
Monomorium.rothsteini	0	1	0	-1.40458386356974	1.31238524050568	0.503175562303083	-0.0475672755881047	0.0988134506463713	-0.0264658891007255	-0.0430233427268663	-0.42920838436255	0.00392345321323657	0.0231798033111147	0.132659164738932	2	0.742307692307692	0.643333333333333	0.198787878787879	0.0745454545454545
Myrmecia.pyriformis	2	1	1	-0.247631589230491	-0.577834708203577	-2.0657331655185	0.0821788741753047	-0.483051495576853	-0.552930461606793	-0.0637136646152273	0.324353438203766	2.76057411664132	-1.5329363539018	-0.66539323898974	1	0.288461538461538	0.713333333333333	0.0524242424242424	0.186477272727273
Myrmecocystus.mexicanus	1	0	1	2.16459461559414	0.424934201644283	0.0854198700731883	1.93057184253443	0.258745560144482	-1.76958523421916	5.38502785564863	-0.196625514133861	-0.659377712238747	-0.119394832262515	-0.289388596062275	2	0.0576923076923077	0.74	0.023030303030303	0.137613636363636
Myrmecocystus.mimicus	1	0	1	2.17566259980074	0.427795377324147	0.0867376238630777	1.97936654355831	0.265661597913267	-1.82832726830354	5.5717471021702	-0.204134888301213	-0.68566816828851	-0.124799760109611	-0.30290985881308	2	0.307692307692308	0.773333333333333	0.0257575757575758	0.131363636363636
Myrmica.incompleta	1	1	1	-0.926076897415887	0.671958125437403	-0.48201292278694	0.410930352460243	-1.21727092176781	-6.75077994012973	-3.04542898935204	1.6846061794268	-3.51476787862307	-0.77908522155025	-2.47175607717017	0	-0.357692307692308	0.52	0.0672727272727273	0.31375
Myrmica.rubra	1	1	1	-0.924790989578507	0.67073098855612	-0.480009754909007	0.408154185685543	-1.20858418318606	-6.69126089994627	-3.01741632043857	1.6675874519418	-3.47774833104393	-0.76980958473224	-2.44141871748145	2	-0.0653846153846154	0.536666666666667	0.0866666666666667	0.236818181818182
Myrmica.ruginodis	1	1	1	-0.923745724618633	0.66973648575934	-0.478411694666663	0.40597706608412	-1.20178868828674	-6.64520019921263	-2.99579040827735	1.65452383984364	-3.44940876008857	-0.762769335241217	-2.41844484841023	1	-0.130769230769231	0.593333333333333	0.120909090909091	0.231477272727273
Myrmica.sabuleti	1	1	1	-0.923745724618633	0.66973648575934	-0.478411694666663	0.40597706608412	-1.20178868828674	-6.64520019921263	-2.99579040827735	1.65452383984364	-3.44940876008857	-0.76276933524122	-2.41844484841023	1	0.0884615384615385	0.513333333333333	0.149393939393939	0.236818181818182
Myrmica.schencki	1	1	1	-0.92479098957826	0.670730988555883	-0.480009754908627	0.40815418568503	-1.20858418318448	-6.69126089993553	-3.01741632043354	1.66758745193877	-3.47774833103733	-0.769809584730613	-2.44141871747613	1	-0.0192307692307692	0.42	0.06	0.232613636363636
Myrmoteras.barbouri	1	0	0	2.27676934443593	0.46387389076801	0.294494542137965	-0.12986470758811	0.0152416102315395	-0.0345605621406267	0.145551870088947	-0.00521607279580123	-0.0134813412618845	0.00169960973653223	0.00763291922668967	0	0.957692307692308	0.9	0.694242424242424	0.42
Myrmoteras.iriodum	1	0	0	2.27725572274711	0.46400390607449	0.294680021513217	-0.129995864792168	0.0152578384546693	-0.0346056366248967	0.145749538103737	-0.00522381777343957	-0.0135021664027293	0.00170255752817924	0.00764654226583903	0	0.957692307692308	0.893333333333333	0.694242424242424	0.311363636363636
Myrmoteras.toro	1	0	0	2.27212476452742	0.462631938534093	0.292719817328026	-0.128607471676341	0.0150860103006371	-0.0341278820371383	0.143653921233247	-0.00514166269078357	-0.0132812056741648	0.00167125485597715	0.0075018472282231	0	0.8	0.693333333333333	0.610606060606061	0.228977272727273
Neoponera.apicalis	1	1	1	-0.668257479068893	-3.5210687873042	1.68560113119917	-0.146429733145514	0.536961340899507	0.0429356913302963	0.00411925713835397	0.0106222030614958	0.250587830326606	2.52334170186104	-1.4838632979058	0	0.623076923076923	0.933333333333333	0.00484848484848485	0.8275
Nesomyrmex.echinatinodis	1	1	1	-1.52006269392929	1.4621419080591	0.689189493650613	-0.104355756778873	0.246596609769919	0.289443756738662	0.0288846511741216	-2.24967118085479	0.162773101160441	-0.0508296611630343	-0.217305597753555	0	0.638461538461539	0.91	0.242727272727273	0.46625
Nesomyrmex.spininodis	1	1	1	-1.52006269393134	1.46214190806169	0.689189493653347	-0.104355756779544	0.246596609771585	0.289443756741052	0.0288846511743584	-2.24967118087592	0.162773101162044	-0.050829661163593	-0.217305597756007	0	0.819230769230769	0.843333333333333	0.346060606060606	0.339431818181818
Nothomyrmecia.macrops	1	1	0	-0.247631589228821	-0.577834708198453	-2.06573316547713	0.0821788741726507	-0.483051495560383	-0.55293046158361	-0.0637136646124423	0.324353438188235	2.76057411650369	-1.53293635381574	-0.665393238951253	0	0.638461538461539	0.576666666666667	0.0912121212121212	0.0413636363636364
Nylanderia.fulva	1	0	1	2.01887855903074	0.387205114695723	0.0678937486292063	1.2752732025939	0.165731966261907	-0.9745156939912	2.85411196257332	-0.0944852662389513	-0.301190684712803	-0.0453646322154433	-0.10392546000364	2	0.619230769230769	0.89	0.0327272727272727	0.419886363636364
Ocymyrmex.foreli	1	0	1	-1.52461801788665	1.46795312894621	0.69570739135612	-0.106042580097051	0.250838232233471	0.295798926170735	0.029551256835796	-2.3077113745855	0.167188443445995	-0.0524309863956613	-0.224414607313362	1	0.696153846153846	0.743333333333333	0.117575757575758	0.0776136363636364
Odontomachus.affinis	1	1	1	-0.717228681587633	-3.8782517268069	2.22865796756927	-0.286298106689781	1.15405700290563	0.202784979297106	0.0295536216043233	-0.168469720472041	-1.40298149562893	-3.74703132844997	1.73998149060936	1	0.619230769230769	0.723333333333333	0.383333333333333	0.327727272727273
Oecophylla.longinoda	1	0	1	2.22538633778214	0.44831730487784	0.237572624444743	1.04873854746096	0.329165997280952	0.151718092875707	-0.220360285361229	-0.000303423296093576	-0.0041205435010467	0.00109726267868123	0.00526206286401093	2	0.65	0.99	0.139090909090909	0.497386363636364
Oecophylla.smaragdina	1	0	1	2.22538633778214	0.44831730487784	0.237572624444743	1.04873854746096	0.329165997280951	0.151718092875705	-0.220360285361228	-0.000303423296093837	-0.0041205435010458	0.00109726267868225	0.00526206286401213	2	0.5	0.976666666666667	0.203030303030303	0.555681818181818
Ooceraea.biroi	1	1	0	-0.285521334469437	-0.832185186896407	-1.68444500195872	0.705051976867933	-3.56284454697433	1.25861099495213	0.084577682943494	-0.146052543346437	-0.724351245094903	-0.171313240469599	0.00597296358452623	0	0.807692307692308	0.773333333333333	0.401515151515151	0.208522727272727
Ophthalmopone.berthoudi	2	1	0	-0.70017199443202	-3.75698453665277	2.07028540813947	-0.253267369521353	1.01343749987265	0.172279110986059	0.0249159665057852	-0.139443669154666	-1.15100581752511	-2.98666174825632	1.37602682869155	1	0.684615384615385	0.7	0.131818181818182	0.0819318181818182
Orectognathus.versicolor	1	1	0	-1.5250194905649	1.47110673922977	0.722567340451223	-0.13181993921013	0.331883264591519	0.983179957584153	0.408293198267297	1.91033756733418	-0.0506768943906583	-0.0106752868823993	-0.0578099214868923	0	0.6	0.52	0.328787878787879	0.123295454545455
Paratrechina.longicornis	1	0	1	2.01887855902803	0.387205114695033	0.067893748628941	1.27527320258582	0.165731966260795	-0.974515693983233	2.85411196254902	-0.0944852662380707	-0.301190684709886	-0.045364632214952	-0.10392546000248	1	0.380769230769231	0.98	0.0154545454545455	0.618977272727273
Pheidole.bicornis	0	0	0	-1.57767994552138	1.53824073420835	0.79901264394553	-0.1543562344293	0.391509336156307	1.19132643797087	0.496782879910003	2.33641058397756	-0.0619395090101663	-0.0127211548205957	-0.0677556074183373	1	0.803846153846154	0.866666666666667	1.00090909090909	0.468409090909091
Pheidole.dentata	0	0	1	-1.57164627411842	1.53052774077984	0.790042722998373	-0.151588509825498	0.384112723567237	1.16382514253102	0.484848066098443	2.27512096013771	-0.0602501762693653	-0.0123323627314314	-0.0656257692783793	1	0.411538461538462	0.83	0.0666666666666667	0.186363636363636
Pheidole.megacephala	0	0	1	-1.56363336909601	1.52024277291747	0.777821589842453	-0.147727423749282	0.373758734212113	1.12474445088576	0.467830395108013	2.18702528282466	-0.0578127385479837	-0.0117645812183738	-0.06250537827599	2	0.696153846153846	0.916666666666667	0	0.237613636363636
Pheidole.morrisii	0	0	1	-1.57636826276697	1.53656458730993	0.797067046469677	-0.153757136349687	0.38990874499635	1.18538289885371	0.49420428488115	2.32317747260324	-0.0615748791019133	-0.0126373210241644	-0.067296480266389	1	0.342307692307692	0.806666666666667	0.25030303030303	0.180568181818182
Pheidole.spadonia	0	0	1	-1.57767994552138	1.53824073420835	0.79901264394553	-0.1543562344293	0.391509336156303	1.19132643797087	0.496782879910003	2.33641058397756	-0.0619395090101653	-0.0127211548205946	-0.0677556074183387	1	0.634615384615385	0.8	0.0533333333333333	0.0536363636363636
Plagiolepis.pygmaea	1	0	1	2.08802148315361	0.409641811004513	0.163483012316007	0.671219693527097	0.149396488088324	-0.162951129819131	0.4886372404588	-0.0126270228033541	-0.0300396490886367	0.00322799838976875	0.0140926518179964	2	0.0615384615384615	0.836666666666667	0.0527272727272727	0.156931818181818
Platythyrea.punctata	2	1	0	-0.526385157589997	-2.52548634149577	0.499417758407407	0.059427459751131	-0.304707544312071	-0.097120690032688	-0.015282930616737	0.0984693340097147	0.844452663014263	2.09601725689305	-0.888861943098073	0	0.657692307692308	0.906666666666667	0.25030303030303	0.541022727272727
Platythyrea.schultzei	2	1	0	-0.524624329191267	-2.51433012320016	0.494286334397513	0.0584100052392423	-0.299176762877559	-0.0949071905309923	-0.0149181898827292	0.0958654642268313	0.82107388746002	2.0295339061208	-0.85969175524792	0	0.684615384615385	0.833333333333333	0.0860606060606061	0.125681818181818
Pogonomyrmex.badius	1	1	0	-0.96541990616817	0.74539775225021	-0.18419164752604	0.16103459651325	-0.448915858973893	-1.59860504146735	-0.611249638869847	0.0529866137286097	-0.162878410987318	0.116702713559966	0.53329904560946	1	0.592307692307692	0.83	0.283636363636364	0.186363636363636
Pogonomyrmex.barbatus	1	1	0	-0.958587590005937	0.738465383345293	-0.180309255703765	0.155540165115769	-0.43274615716465	-1.52764709843551	-0.5829593239411	0.0502966974400457	-0.154262994734634	0.109738188098712	0.5005062135897	2	0.123076923076923	0.95	0.0363636363636364	0.246590909090909
Polyrhachis.dives	1	0	1	2.77315736491004	0.608157557366087	0.67418427842437	-3.38830930166257	-0.65250500131881	0.112548923092495	-0.38898333543395	0.0097064666816863	0.0218449520316042	-0.00192803413077688	-0.00799289014891507	2	0.457692307692308	0.913333333333333	0.336060606060606	0.469772727272727
Polyrhachis.laboriosa	1	0	1	2.77315736491004	0.608157557366087	0.67418427842437	-3.38830930166257	-0.65250500131881	0.112548923092494	-0.388983335433953	0.00970646668168807	0.021844952031604	-0.00192803413077647	-0.0079928901489136	1	0.796153846153846	0.943333333333333	0.287272727272727	0.299545454545455
Polyrhachis.loweryi	1	0	1	2.77268339129958	0.6080212871431	0.673846182915323	-3.38559639896537	-0.65195457121763	0.112432943184453	-0.38856620226307	0.00969510254525253	0.0218183626022683	-0.00192540488741986	-0.0079816800930638	0	0.734615384615385	0.65	0.196666666666667	0.0770454545454545
Ponera.coarctata	1	1	0	-0.651460052276657	-3.40331917882293	1.54897329229519	-0.125646979782277	0.455548199716233	0.034472745848085	0.0032620659461957	0.0081241545701045	0.188292795838992	1.78149139158488	-1.02853251852604	0	0.15	0.61	0.104545454545455	0.155568181818182
Prenolepis.imparis	1	0	1	2.02667427107322	0.389169723840083	0.0686739627621533	1.29897742315393	0.168983675893818	-0.998065651496863	2.92602028628102	-0.0970956241724037	-0.309859450035087	-0.046837064308795	-0.107400695608288	1	0.123076923076923	0.786666666666667	0.0418181818181818	0.350454545454545
Prenolepis.nitens	1	0	1	2.02667427107349	0.389169723840147	0.0686739627621873	1.29897742315475	0.168983675893926	-0.998065651497663	2.92602028628345	-0.097095624172495	-0.309859450035374	-0.046837064308833	-0.107400695608411	2	0.338461538461538	0.583333333333333	0.135757575757576	0.154318181818182
Prionopelta.amabilis	1	1	0	-0.439982586533037	-1.91525952995871	-0.257477605499059	0.200580840245879	-0.891000643078723	-0.205987625204811	-0.0310081802134573	0.182154345529921	1.4967173108156	3.08968055939437	-1.19372933828304	1	0.661538461538462	0.87	0.31030303030303	0.468409090909091
Pristomyrmex.punctatus	1	1	1	-1.47405239938349	1.40386951332571	0.626285684861263	-0.088752074060766	0.207601941151213	0.232589114066426	0.0229577994430584	-1.74112557614591	0.124354192688953	-0.037202029732371	-0.157164893579976	2	0.330769230769231	0.886666666666667	0.107878787878788	0.387954545454545
Proatta.butteli	1	1	0	-1.48223056258403	1.41451513263836	0.639783862974973	-0.0929232780791503	0.218418884535883	0.251540569716426	0.025029107161039	-1.94204872798504	0.140544865142469	-0.0445157567113213	-0.192018112359488	2	0.85	0.913333333333333	0.694242424242424	0.421136363636364
Proceratium.croceum	1	1	0	-0.44033618056868	-1.89666154575984	-0.44654525359258	0.285627347716649	-1.2832931556905	-0.319115025905029	-0.0490500734163943	0.304537668158062	2.576506874995	5.8920388563509	-2.33483669834654	0	0.419230769230769	0.68	0.285151515151515	0.183636363636364
Proformica.epinotalis	1	0	1	2.48232553297302	0.51981690277558	0.35592856826521	2.53722208003932	0.885390428913357	0.893460413458627	-1.85336831714815	0.0269625703404284	0.05238316512158	-0.00337430641056913	-0.0131068660189562	1	-0.0692307692307692	0.426666666666667	0.0557575757575758	0.0618181818181818
Pseudomyrmex.elongatus	1	1	1	-0.259004186228798	-0.613630552228553	-2.40370632176635	0.108971752114326	-0.655202746604973	-0.8413554514083	-0.099928228634536	0.550917523430473	4.8927619691158	-3.1980545552745	-1.46342324502115	0	0.35	0.933333333333333	0.117878787878788	0.561136363636364
Pseudomyrmex.ferrugineus	1	1	1	-0.270706289385586	-0.65067785044032	-2.76491259540359	0.138731444886458	-0.847547842073483	-1.17240576648452	-0.141758278554311	0.816644769322993	7.41217425093603	-5.21432656245327	-2.43629801650712	1	0.457692307692308	0.956666666666667	0.113636363636364	0.446818181818182
Pseudomyrmex.gracilis	1	1	1	-0.258359407011128	-0.611623380567403	-2.38590211757396	0.107666483526306	-0.646918917557903	-0.82825545302339	-0.09830614455292	0.541112065137663	4.8020425760327	-3.13119146292868	-1.4319020793719	0	0.457692307692308	0.933333333333333	0.133939393939394	0.468409090909091
Pseudomyrmex.oculatus	1	1	1	-0.270823064758735	-0.65104609252851	-2.7684277306588	0.13901417769503	-0.849368734025783	-1.17549050485005	-0.14214664112074	0.81909063559905	7.43526835421817	-5.23256449710163	-2.44506650638888	0	0.619230769230769	0.913333333333333	0.285757575757576	0.46625
Pseudomyrmex.penetrator	1	1	1	-0.259004186228798	-0.613630552228553	-2.40370632176635	0.108971752114327	-0.655202746604973	-0.841355451408297	-0.099928228634534	0.55091752343047	4.8927619691158	-3.1980545552745	-1.46342324502115	2	0.85	0.9	0.220606060606061	0.345909090909091
Pseudomyrmex.peperi	1	1	1	-0.270706289385586	-0.65067785044032	-2.76491259540359	0.138731444886458	-0.847547842073483	-1.17240576648452	-0.141758278554311	0.816644769322993	7.41217425093603	-5.21432656245327	-2.43629801650712	2	0.457692307692308	0.93	0.23030303030303	0.314772727272727
Pseudomyrmex.satanicus	1	1	1	-0.262282190351794	-0.624105054304237	-2.51085452292018	0.118261895938412	-0.715684979646883	-0.9487811726206	-0.113597653249351	0.63919261992747	5.73621088029263	-3.88967529861193	-1.79928734797451	2	1.00384615384615	0.886666666666667	0.644848484848485	0.375227272727273
Pseudomyrmex.tenuis	1	1	1	-0.266491500900744	-0.637384613441763	-2.63790862620953	0.128506640312075	-0.781688029559447	-1.06076980868176	-0.127701727533062	0.7280915226217	6.57592801255603	-4.55363095037003	-2.11860957438507	1	0.730769230769231	0.926666666666667	0.00484848484848485	0.458636363636364
Pseudomyrmex.termitarius	1	1	1	-0.268997035941593	-0.64528262392568	-2.71314815401429	0.134544641352166	-0.82056176846478	-1.12652793734887	-0.135977767756784	0.780171631292983	7.06748680641457	-4.9413551215904	-2.30496009060415	0	0.646153846153846	0.913333333333333	0.179090909090909	0.328295454545455
Rhytidoponera.mayri	2	1	1	-0.380006195085573	-0.0213910921952899	-1.18562561173489	0.46764760397987	-1.23194025352659	-2.51269958534837	-0.56315822307885	0.58820943614012	2.2642785330563	1.99250340881889	8.68056972347797	1	0.6	0.52	0.165151515151515	0.0619318181818182
Solenopsis.geminata	0	1	1	-1.40451122274418	1.31229269653914	0.503079766782737	-0.04755002287678	0.098774789031437	-0.0264519297792848	-0.0429992220116213	-0.428932570384953	0.0039207726089971	0.0231607986252334	0.132545306761796	2	0.442307692307692	0.94	0.0666666666666667	0.82625
Solenopsis.invicta	0	1	1	-1.40451122274418	1.31229269653914	0.503079766782737	-0.047550022876779	0.098774789031438	-0.0264519297792854	-0.0429992220116207	-0.428932570384957	0.00392077260899863	0.0231607986252332	0.132545306761796	2	0.553846153846154	0.913333333333333	0.133333333333333	0.25625
Streblognathus.aethiopicus	2	1	0	-0.697940855580447	-3.7412715988137	2.05079168114923	-0.249435389746163	0.997267522128833	0.168907627906538	0.0244080853375672	-0.136333807110521	-1.12429174964661	-2.90875219924419	1.33907918182431	0	0.519230769230769	0.593333333333333	0.176363636363636	0.110454545454545
Strumigenys.lewisi	0	1	1	-1.57236618191632	1.53150792006096	0.79159221167022	-0.152234873983641	0.38591326519573	1.17181614134454	0.488453740550663	2.29539673561802	-0.060833287683121	-0.0124856575936031	-0.0664954805637173	0	0.330769230769231	0.64	0.302424242424242	0.387954545454545
Strumigenys.louisianae	0	1	0	-1.57031204794255	1.52888219625208	0.788538271953817	-0.151291649576889	0.383391963652933	1.16242928013696	0.484378562555593	2.27444793163869	-0.060255557196448	-0.0123524226329808	-0.065765145094372	0	0.523076923076923	0.913333333333333	0.0712121212121212	0.789318181818182
Strumigenys.membranifera	0	1	0	-1.58449904804159	1.54707075164958	0.810029168855693	-0.158046842784311	0.401495492034897	1.23059816342805	0.514049511134903	2.4279080666484	-0.0645000213984627	-0.0133403928277598	-0.0711942371181213	1	0.873076923076923	0.82	0.0393939393939394	0.0325
Strumigenys.rostrata	0	1	0	-1.57236618191421	1.53150792005826	0.791592211667087	-0.15223487398267	0.38591326519314	1.17181614133491	0.488453740546483	2.29539673559656	-0.060833287682539	-0.0124856575934658	-0.06649548056298	0	0.376923076923077	0.663333333333333	0.296060606060606	0.189886363636364
Strumigenys.solifontis	0	1	1	-1.58637325081166	1.54947306388959	0.81286439103849	-0.158936913575664	0.40388039684761	1.23957137552476	0.517954458430977	2.4480961623141	-0.0650582801860293	-0.0134702542705703	-0.0719077306202103	0	0.607692307692308	0.54	0.741818181818182	0.381363636363636
Tapinoma.erraticum	1	0	1	-0.305005377849966	-0.76978713483185	-5.1361886914622	-1.23279528290156	3.25216721121185	0.92767177137889	0.0872700936392957	-0.282816760865191	-1.92998434370858	0.406629149719753	0.107402009960145	1	-0.0846153846153846	0.663333333333333	0.0548484848484848	0.233636363636364
Tapinoma.melanocephalum	1	0	1	-0.304635500512382	-0.768562157621033	-5.11780733412453	-1.2257142425675	3.23247140059828	0.9207860551715	0.0865954976990447	-0.280425810629747	-1.91300743675364	0.402611339641997	0.106309839421879	1	0.357692307692308	0.956666666666667	0.0224242424242424	0.495227272727273
Tapinoma.sessile	1	0	1	-0.305540660018761	-0.771563156152233	-5.16309751805687	-1.2432721517648	3.28135345994755	0.937944749805107	0.0882780824204773	-0.286402280704875	-1.9554869255479	0.412697626894647	0.109054015089152	1	-0.157692307692308	0.833333333333333	0.0272727272727273	0.354659090909091
Temnothorax.albipennis	1	1	1	-1.60513914476409	1.57284071831829	0.829276504818013	-0.147567449742408	0.358627353516627	0.485508490922507	0.0503081012053327	-4.32647692167427	0.33007052167291	-0.126313632789903	-0.57689252958598	0	0.230769230769231	0.36	0.166363636363636	0.143295454545455
Temnothorax.ambiguus	1	1	1	-1.62007850466649	1.59209827790872	0.852416415665017	-0.154273879261352	0.375848635299297	0.514352027364937	0.0534272441897467	-4.62132526983393	0.35353142824056	-0.136475344867205	-0.624753115038907	0	0.00384615384615385	0.576666666666667	0.13030303030303	0.161704545454545
Temnothorax.nylanderi	1	1	1	-1.60515198607082	1.57285545998617	0.829282753793827	-0.147565619246607	0.35862129924003	0.485488406785777	0.0503056867898963	-4.32619461036407	0.330046020741633	-0.12630021926586	-0.576825839408853	1	0.146153846153846	0.546666666666667	0.131212121212121	0.164659090909091
Temnothorax.rugatulus	1	1	1	-1.60890999049824	1.57768944394082	0.83502632317026	-0.149209606848522	0.36283519363419	0.492489893627663	0.0510614562985283	-4.3973305690286	0.335694742342353	-0.128731031091705	-0.58825483903	0	-0.0423076923076923	0.616666666666667	0.0442424242424242	0.211477272727273
Tetramorium.bicarinatum	0	1	1	-1.54546044754247	1.49504380295729	0.729918580052283	-0.116659389769505	0.278411512782181	0.34457502282863	0.0348977906013947	-2.83052459799953	0.209503534460229	-0.071868692319094	-0.317528278482906	2	0.642307692307692	0.913333333333333	0.107878787878788	0.392727272727273
Tetramorium.tsushimae	0	1	1	-1.54922143054101	1.4998231030734	0.73519559728623	-0.118021353925923	0.281841669441451	0.349798480754533	0.0354492049147143	-2.8795404370745	0.21328210666118	-0.073329254472532	-0.324175064954139	2	0.126923076923077	0.62	0.0315151515151515	0.387954545454545
Wasmannia.auropunctata	1	1	1	-1.49726547183453	1.43512788339069	0.676920237181537	-0.115719002577384	0.287791575672725	0.796474577418413	0.324293914929432	1.43415581502312	-0.036805814735939	-0.00665621940843827	-0.0339141259393643	1	0.596153846153846	0.913333333333333	0.00484848484848485	0.82625
Xenomyrmex.floridanus	1	1	1	-1.50155484191175	1.4386360728582	0.663431018811413	-0.097855565528361	0.230310745031347	0.265427288800815	0.0263744974697703	-2.03294653461405	0.146351424675943	-0.044948486716854	-0.191283652783501	0	0.815384615384615	0.84	0.304242424242424	0.172954545454545
