species	GamOvSt	sting	eat_sug_liq	c1	c2	c3	c4	c5	c6	c7	c8	c9	c10	c11	colonySize	min_temp	max_temp	min_hum	max_hum
Acanthognathus.ocellatus	1	1	0	-1.53359667064541	1.48199591129141	0.734784206901273	-0.135459161036543	0.34156820292113	1.01873455716972	0.42370825351981	1.98968641118136	-0.0528732388180647	-0.0111996657845851	-0.0607394300866953	0	0.646153846153846	0.886666666666667	0.346060606060606	0.601818181818182
Acanthognathus.rudis	1	1	0	-1.53359667064335	1.48199591128881	0.73478420689836	-0.135459161035688	0.341568202918867	1.01873455716145	0.423708253516237	1.98968641116303	-0.0528732388175597	-0.0111996657844779	-0.0607394300860163	0	0.619230769230769	0.813333333333333	0.224545454545455	0.327727272727273
Acromyrmex.coronatus	1	0	0	-1.67572994289184	1.66786831544281	0.982781039450887	-0.228856973969415	0.600061556797417	2.170242399618	0.948289183201857	5.05798502006657	-0.143674686849573	-0.0389960325013557	-0.228682822766367	2	0.65	0.896666666666667	0.292727272727273	0.541022727272727
Acromyrmex.fracticornis	1	0	0	-1.67517354177393	1.66714186058345	0.981820041433403	-0.228498494099064	0.599070792384197	2.16585602106763	0.94629372573624	5.04635222934547	-0.143330976768596	-0.0388913452283227	-0.228051166165001	2	0.526923076923077	0.836666666666667	0.1	0.160113636363636
Acromyrmex.landolti	1	0	0	-1.67769802216577	1.67043666261415	0.986170073682157	-0.230117768259935	0.603544783926383	2.18563762382131	0.955290160321687	5.09876205609123	-0.144879009463829	-0.039362362998879	-0.230892398993398	1	0.715384615384615	0.913333333333333	0.292727272727273	0.301022727272727
Acropyga.epedana	1	0	1	2.08802148317326	0.40964181100957	0.163483012320554	0.67121969355695	0.149396488095327	-0.162951129828485	0.488637240488013	-0.0126270228041784	-0.0300396490906774	0.00322799839002937	0.0140926518191021	0	0.442307692307692	0.723333333333333	0.146060606060606	0.109318181818182
Aenictus.laeviceps	1	1	0	-0.296548697594564	-0.875969079581893	-1.93362585687979	0.93518101899746	-4.8590860047402	2.00711102507491	0.141213475280088	-0.278329638872102	-1.49299404631983	-0.511414232115537	0.0208021091164327	2	0.9	0.913333333333333	0.476363636363636	0.470795454545455
Anochetus.bequaerti	0	1	0	-0.71873019071114	-3.88891032927677	2.24246419563438	-0.289151821766566	1.16619013544368	0.205402156922478	0.0299509865173207	-0.170949202426754	-1.42447501258868	-3.8115956331469	1.77084799126445	0	0.607692307692308	0.87	0.148484848484848	0.370227272727273
Anochetus.diegensis	1	1	0	-0.71831285904253	-3.88594405963793	2.23859596589411	-0.288346364739211	1.16276193607063	0.204659229503045	0.0298380699819059	-0.170242883398225	-1.41834509691148	-3.7931137243842	1.76200357321444	0	0.334615384615385	0.916666666666667	0.31030303030303	0.375227272727273
Anochetus.faurei	0	1	0	-0.71512774666464	-3.8633293597258	2.20926986261554	-0.282277387220863	1.13695401138546	0.199088133666363	0.0289920703510649	-0.164961915851239	-1.37255822169364	-3.6554938223941	1.69620087780766	1	0.638461538461539	0.66	0.243030303030303	0.115113636363636
Anochetus.katonae	0	1	0	-0.712519303306957	-3.84478439544533	2.18505248143451	-0.277227295990302	1.11545519584145	0.194424841107388	0.0282831578396677	-0.160525377623634	-1.33404624790917	-3.53929645702707	1.64058483393719	0	0.319230769230769	0.923333333333333	0.219393939393939	0.370227272727273
Anochetus.levaillanti	1	1	0	-0.71691850840058	-3.8760344989066	2.2256803858842	-0.285658621765846	1.15132327762038	0.202181246757482	0.0294614750286315	-0.167887638076835	-1.39790648482767	-3.73150765831547	1.73252447026971	0	0.503846153846154	0.863333333333333	0.0136363636363636	0.119090909090909
Anoplolepis.custodiens	1	0	1	2.09345867602651	0.411044981073587	0.164758746431173	0.679746924881817	0.151401783425869	-0.165656379209649	0.497102796522427	-0.01286744450483	-0.0306361502225366	0.00330053087440299	0.0144191890952609	2	0.484615384615385	0.886666666666667	0	0.22375
Aphaenogaster.araneoides	1	0	0	-1.33567466703295	1.21911383887702	0.353453103628227	0.0201250612971213	-0.091872357317294	-0.831677226187777	-0.37329256489496	-0.58034909409241	-0.096031847097286	0.1429353904961	0.78039036595636	0	0.65	0.886666666666667	0.279393939393939	0.561136363636364
Aphaenogaster.gibbosa	1	0	1	-1.34154627621266	1.22617126750601	0.358142684289047	0.0205628381350356	-0.0939861127515553	-0.855456898454697	-0.384443165546353	-0.599451583714247	-0.0993325948899	0.148517696552485	0.81185442380737	1	0.15	0.596666666666667	0.073030303030303	0.165681818181818
Aphaenogaster.longiceps	1	0	1	-1.32615214131922	1.20753943997078	0.345284236736953	0.0193080039989545	-0.0878865340874623	-0.784725141250323	-0.35104144352535	-0.541250831609727	-0.089193170434203	0.130903890106759	0.711844532345543	2	0.503846153846154	0.693333333333333	0.121515151515152	0.142159090909091
Aphaenogaster.rudis	1	0	1	-1.33064031657806	1.21291914185498	0.34880255370994	0.0196297892761208	-0.0894351690368883	-0.80188139174096	-0.359056350521427	-0.554855901118557	-0.0915333146370853	0.134800899780187	0.733713450925577	1	0.169230769230769	0.723333333333333	0.123939393939394	0.22625
Apomyrma.stygia	1	1	0	-0.42993852980306	-1.85769714456989	-0.239766728286062	0.177999385083408	-0.78493409900553	-0.175551569501734	-0.0262230325574832	0.151201209886462	1.23122473996504	2.46764964975328	-0.94570309836946	0	0.969230769230769	0.916666666666667	0.332121212121212	0.300227272727273
Apterostigma.collare	1	0	0	-1.54943450312815	1.50267982185396	0.762185656096073	-0.145697521750182	0.369871811697993	1.14417802083578	0.48078930937154	2.32264435358938	-0.062713801988112	-0.0141996143212788	-0.0788447624558633	0	0.773076923076923	0.886666666666667	0.795454545454545	0.561136363636364
Apterostigma.dentigerum	1	0	0	-1.54943450312814	1.50267982185396	0.762185656096073	-0.145697521750182	0.369871811697993	1.14417802083578	0.48078930937154	2.32264435358938	-0.0627138019881117	-0.0141996143212795	-0.078844762455864	0	0.803846153846154	0.886666666666667	0.906060606060606	0.468409090909091
Atta.cephalotes	1	0	0	-1.66601125286789	1.65517472103692	0.96595710088379	-0.222567847305638	0.582674335198557	2.09315961786512	0.913211753120683	4.85334702321217	-0.137626221363649	-0.0371517535286403	-0.21755162205156	2	0.592307692307692	0.913333333333333	0.228787878787879	0.8275
Atta.colombica	1	0	0	-1.66601125286789	1.65517472103692	0.96595710088379	-0.222567847305637	0.582674335198557	2.09315961786512	0.913211753120683	4.85334702321217	-0.137626221363649	-0.0371517535286403	-0.217551622051561	2	0.730769230769231	0.933333333333333	0.00484848484848485	0.870795454545455
Atta.mexicana	1	0	0	-1.66860233303494	1.65855106796904	0.970377446435233	-0.224198090524624	0.587172559453113	2.11293067619298	0.92219133129385	4.90549298182897	-0.139164144258249	-0.0376174600267143	-0.22035722817583	2	0.461538461538462	0.91	0.0533333333333333	0.319772727272727
Atta.vollenweideri	1	0	0	-1.66860233303494	1.65855106796904	0.970377446435233	-0.224198090524624	0.587172559453113	2.11293067619298	0.92219133129385	4.90549298182897	-0.139164144258249	-0.0376174600267117	-0.220357228175831	2	0.592307692307692	0.84	0.174848484848485	0.135795454545455
Azteca.forelii	1	0	1	-0.30025891184307	-0.754014815781683	-4.895109967812	-1.13786191600822	2.98722545278109	0.833623892226487	0.078023212891802	-0.24975903983748	-1.69427153879658	0.350069366099753	0.091968604441772	2	0.780769230769231	0.933333333333333	0.183333333333333	0.531704545454545
Blepharidatta.conops	1	1	1	-1.49726547182647	1.43512788338055	0.676920237170757	-0.115719002574418	0.287791575664956	0.79647457739202	0.324293914918235	1.43415581496893	-0.036805814734487	-0.00665621940813947	-0.0339141259378277	0	0.888461538461539	0.863333333333333	0.224242424242424	0.175227272727273
Brachymyrmex.depilis	1	0	1	1.40378761755961	0.217771625034267	-0.206948567960953	0.689610318313387	-0.0783639328850153	-0.49219953232739	0.83387734108308	0.0165481475796887	0.121578995440587	0.0569247100662053	0.159339196268041	0	0.0615384615384615	0.856666666666667	0.0363636363636364	0.350454545454545
Camponotus.aethiops	1	0	1	2.84036815177587	0.627677574067437	0.72532784844751	-3.82505101674267	-0.741940379164283	0.132188495315412	-0.460292693966657	0.0116937029819686	0.0265454128966942	-0.0024094249782807	-0.0100649442031328	1	0.188461538461538	0.623333333333333	0.0733333333333333	0.161136363636364
Camponotus.americanus	1	0	1	2.83731913690771	0.62679406031408	0.723040467123273	-3.80577051510433	-0.737999555704597	0.131330196840927	-0.45718205876748	0.0116073935326553	0.0263416834835905	-0.00238869621159932	-0.0099758760945277	1	0.0961538461538462	0.693333333333333	0.0724242424242424	0.204659090909091
Camponotus.castaneus	1	0	1	2.8424188405878	0.62827171725502	0.726864907673003	-3.8379965199766	-0.744586058405927	0.132764424292793	-0.462379732443277	0.0117515957173938	0.0266820488268904	-0.00242332170306035	-0.01012464987667	1	0.342307692307692	0.78	0.160909090909091	0.186477272727273
Camponotus.chromaiodes	1	0	1	2.83605174092744	0.626419725876447	0.72197395882797	-3.7958679057729	-0.735948264050367	0.130857240273758	-0.455446437171177	0.0115578209084621	0.0262230817992944	-0.00237611340366347	-0.00992121694104473	1	0.234615384615385	0.636666666666667	0.122121212121212	0.204659090909091
Camponotus.compressus	1	0	1	2.83749529857563	0.626845542298013	0.72317977061296	-3.80700160150257	-0.738252888836457	0.131387016509347	-0.45738934023474	0.0116132341504182	0.0263555703344778	-0.00239014180559675	-0.00998212521588447	2	0.584615384615385	0.946666666666667	0.0424242424242424	0.555681818181818
Camponotus.consobrinus	1	0	1	2.84232569353284	0.6282448071803	0.726796335164647	-3.8374284832743	-0.744470247017833	0.132739478068878	-0.462289547653673	0.0117491080685413	0.0266761931764671	-0.00242273115486676	-0.0101221183570802	2	0.288461538461538	0.743333333333333	0.0533333333333333	0.169318181818182
Camponotus.crassus	1	0	1	2.8327802586818	0.62547254657338	0.719532751657057	-3.77539420618483	-0.731766649752343	0.129949472686294	-0.452158964917123	0.0114667657971499	0.0260083311977362	-0.00235432199253155	-0.00982765041997603	1	0.619230769230769	0.913333333333333	0.125757575757576	0.328295454545455
Camponotus.dalmaticus	1	0	1	2.83260163056582	0.625419723691653	0.719381624878313	-3.77398937850407	-0.73147566754846	0.129882447510493	-0.45191308680302	0.011459750066112	0.02599155547546	-0.00235254590308173	-0.0098199400370283	0	0.326923076923077	0.64	0.137878787878788	0.172727272727273
Camponotus.fallax	1	0	1	2.82306295351389	0.622658820643923	0.712276600181957	-3.71450086676353	-0.719328482439103	0.127248272266149	-0.442375735137073	0.0111957380127837	0.0253690587399072	-0.00228943316884551	-0.00954901248467513	1	0.203846153846154	0.603333333333333	0.118484848484848	0.142045454545455
Camponotus.foreli	1	0	1	2.83283111991179	0.62548613683729	0.719552389152813	-3.77541783504523	-0.73176731141649	0.129945656010768	-0.452141911866747	0.0114660824978493	0.0260064842142313	-0.00235405880890073	-0.0098264338170166	0	0.35	0.75	0.0096969696969697	0.0942045454545455
Camponotus.japonicus	1	0	1	2.8424188405878	0.62827171725502	0.726864907673003	-3.8379965199766	-0.744586058405927	0.132764424292794	-0.462379732443277	0.0117515957173973	0.0266820488268904	-0.00242332170305886	-0.01012464987667	1	0.0423076923076923	0.64	0.06	0.387954545454545
Camponotus.lateralis	1	0	1	2.84700217154989	0.62960289351856	0.730353157222077	-3.86778806643737	-0.750686818653403	0.134104194489802	-0.467244357141817	0.011887165162539	0.0270027176047492	-0.00245616329145264	-0.0102660108380842	1	0.311538461538462	0.75	0.0096969696969697	0.1675
Camponotus.ligniperda	1	0	1	2.8219273725387	0.62232994679734	0.711427711846817	-3.70736988935047	-0.717871686677537	0.126931698107587	-0.44122899965695	0.0111639588904389	0.0252940893916013	-0.002281819591193	-0.00951631472275233	2	-0.111538461538462	0.583333333333333	0.141818181818182	0.2325
Camponotus.modoc	1	0	1	2.84104739076166	0.62787454329228	0.725839910251807	-3.8293888160644	-0.74282767542396	0.132382413791885	-0.460996056322487	0.0117132566477334	0.0265916115237677	-0.00241413984069019	-0.0100852199962439	2	-0.0730769230769231	0.673333333333333	0.0333333333333333	0.350795454545455
Camponotus.nearcticus	1	0	1	2.84242419662061	0.628273230178427	0.726868293555373	-3.83802018852747	-0.7445907525781	0.132765309950282	-0.462382830804023	0.0117516744054281	0.0266822264431773	-0.00242333715781753	-0.0101247132952618	1	-0.0192307692307692	0.79	0.0651515151515152	0.180568181818182
Camponotus.piceus	1	0	1	2.84019334616225	0.62762714874411	0.725200522835267	-3.82400938663233	-0.741728443584617	0.132143281699965	-0.460129621068027	0.0116892306559678	0.026534915536832	-0.00240837642522049	-0.0100604614602777	1	0.0576923076923077	0.62	0.0957575757575758	0.156931818181818
Camponotus.pilicornis	1	0	1	2.85006763467738	0.630491665425037	0.7326608861737	-3.8873027187682	-0.754677362272723	0.134975104452191	-0.470402159775277	0.0119748791418228	0.0272098696067172	-0.00247727501827295	-0.010356764290411	1	0.323076923076923	0.6	0.117272727272727	0.144431818181818
Camponotus.planatus	1	0	1	2.84312278541931	0.62847574059436	0.72739367164566	-3.8424585737503	-0.74549822511876	0.13296323239836	-0.46310036518317	0.0117715982877117	0.0267292722944775	-0.00242812920824288	-0.0101453099903132	1	0.511538461538462	0.943333333333333	0.146363636363636	0.561136363636364
Camponotus.punctulatus	1	0	1	2.850067634677	0.630491665424927	0.73266088617342	-3.88730271876577	-0.754677362272227	0.134975104452081	-0.470402159774887	0.0119748791418122	0.0272098696066936	-0.00247727501826125	-0.0103567642904035	2	0.253846153846154	0.866666666666667	0.0554545454545455	0.264545454545455
Camponotus.rectangularis	1	0	1	2.84312278541854	0.628475740594143	0.727393671645087	-3.84245857374553	-0.745498225117777	0.132963232398144	-0.4631003651824	0.0117715982876908	0.0267292722944244	-0.00242812920823749	-0.0101453099902834	2	0.788461538461538	0.926666666666667	0.203939393939394	0.459090909090909
Camponotus.saxatilis	1	0	1	2.84677294222894	0.62953635953588	0.730179406013423	-3.8663097446177	-0.750384252252977	0.134037909563529	-0.467003812450077	0.0118804702373582	0.0269868915110639	-0.00245454561317096	-0.0102590514531464	1	-0.111538461538462	0.223333333333333	0.09	0.0528409090909091
Camponotus.senex	1	0	1	2.84104739076166	0.62787454329228	0.725839910251807	-3.8293888160644	-0.74282767542396	0.132382413791884	-0.460996056322487	0.011713256647736	0.0265916115237682	-0.00241413984069019	-0.0100852199962436	2	0.657692307692308	0.913333333333333	0.29030303030303	0.46625
Camponotus.sericeus	1	0	1	2.83683027040971	0.626645110193947	0.722554580060973	-3.80073495864097	-0.736942254989143	0.131072953596301	-0.456227586236903	0.0115794533029796	0.0262740971567292	-0.00238128882308599	-0.00994343737474563	0	0.703846153846154	1.02333333333333	0.0154545454545455	0.555681818181818
Camponotus.socius	1	0	1	2.83099819197004	0.624956573937317	0.71820267173383	-3.76423703516833	-0.729487809596643	0.129454709503842	-0.450367135656087	0.0114171332419795	0.0258912708562966	-0.00234244238585886	-0.00977664126512947	1	0.6	0.79	0.283636363636364	0.186136363636364
Camponotus.vividus	1	0	1	2.84677294223275	0.629536359536987	0.73017940601629	-3.8663097446419	-0.750384252257923	0.134037909564601	-0.46700381245399	0.0118804702374645	0.0269868915113187	-0.0024545456132008	-0.0102590514532497	2	0.707692307692308	0.863333333333333	0.0181818181818182	0.395
Cardiocondyla.emeryi	0	1	1	-1.54833960108522	1.49808121406149	0.72872754265769	-0.1143774505708	0.271721789705595	0.326603108201027	0.0327710544690314	-2.58575160050206	0.18825790241997	-0.059978940963462	-0.257814341254621	0	0.546153846153846	0.943333333333333	0	0.215227272727273
Cardiocondyla.koshewnikovi	0	1	1	-1.54243683861332	1.49058958560332	0.72054719723642	-0.112320928463337	0.266572050407451	0.319026413808468	0.0319795585443173	-2.51749592859685	0.183088909300703	-0.058130952690969	-0.249641402289107	0	-0.0192307692307692	0.206666666666667	0.06	0.0536363636363636
Cardiocondyla.mauritanica	0	1	1	-1.54991505662545	1.50008180957187	0.73091818800043	-0.114929854824438	0.273105673094213	0.328643094332947	0.0329842526073799	-2.60415569127707	0.189652310542413	-0.060478219111477	-0.260023346465105	1	0.388461538461538	0.923333333333333	0	0.117727272727273
Cardiocondyla.nuda	0	1	0	-1.54833960108315	1.49808121405886	0.72872754265482	-0.114377450570076	0.271721789703805	0.326603108198422	0.0327710544687733	-2.58575160047846	0.188257902418179	-0.0599789409628277	-0.25781434125178	0	0.515384615384615	0.9	0.238181818181818	0.733863636363636
Carebara.diversa	0	1	1	-1.50061509318911	1.43737472158542	0.661652089894083	-0.097294383009733	0.228863455113722	0.263023576111897	0.0261168577259413	-2.00938959238704	0.144519103372492	-0.044238016916126	-0.188075701440818	2	0.753846153846154	0.916666666666667	0.24030303030303	0.555681818181818
Cataglyphis.aenescens	1	0	1	2.50262148589993	0.52540258786225	0.36460003883668	2.63732128457938	0.922268092234433	0.93932980575396	-1.95258609513715	0.028545968218901	0.0555885669432173	-0.0036072975638492	-0.0140394076270848	1	-0.25	0.63	0.0196969696969697	0.110795454545455
Cataglyphis.bicolor	1	0	1	2.50076650993676	0.524892272223593	0.363809381927147	2.62821390620945	0.918913863720457	0.93516330775899	-1.94357645114971	0.028402286073359	0.055297795795266	-0.00358618434868783	-0.0139549258539324	1	0.476923076923077	0.936666666666667	0.00787878787878788	0.213409090909091
Cataglyphis.bombycina	1	0	1	2.50341145365075	0.525620010814847	0.36493769332453	2.64122045148138	0.9237046650263	0.941117064067143	-1.95645222285962	0.0286076744759669	0.05571349106617	-0.0036163795531529	-0.0140757597948304	1	0.526923076923077	0.956666666666667	0	0.0440909090909091
Cataglyphis.cursor	1	0	1	2.50444396313435	0.525904120410793	0.365378360396883	2.64630236457625	0.925576638515367	0.943444066179457	-1.9614849632428	0.0286879655207495	0.05587600645971	-0.00362818673793233	-0.0141230118668346	1	0.269230769230769	0.59	0.117272727272727	0.121136363636364
Cataglyphis.rosenhaueri	1	0	1	2.50341145365075	0.525620010814847	0.36493769332453	2.64122045148138	0.923704665026297	0.941117064067143	-1.95645222285962	0.0286076744759656	0.0557134910661703	-0.00361637955315193	-0.0140757597948308	1	0.461538461538462	0.613333333333333	0.125757575757576	0.0920454545454545
Cataglyphis.velox	1	0	1	2.5032590945999	0.52557809571002	0.3648727507951	2.64047237549987	0.923429149124897	0.940774822450783	-1.95571215586891	0.0285958720732974	0.0556896063017253	-0.00361464522772597	-0.0140688200897301	1	0.323076923076923	0.613333333333333	0.132727272727273	0.095
Centromyrmex.sellaris	1	1	0	-0.61637925941997	-3.16212778890045	1.29789034773515	-0.0922221439734253	0.327305162010467	0.0223662830008726	0.00206372248296053	0.004823305771928	0.108233671242376	0.913136681573047	-0.50942163248527	1	0.703846153846154	0.913333333333333	0.187878787878788	0.237613636363636
Cephalotes.texanus	1	0	1	-1.56873915854257	1.5267539238409	0.78528856681886	-0.149989857371429	0.37978737923836	1.14685395855386	0.477393514169343	2.23573499522658	-0.059149893229893	-0.01206813163401	-0.064161822533588	0	0.765384615384615	0.856666666666667	0.163636363636364	0.125909090909091
Cephalotes.varians	1	0	1	-1.56922824843878	1.52737827864956	0.786009198453307	-0.150210238618821	0.38037554295435	1.14902748172586	0.478335423018123	2.24055550576223	-0.0592825416918313	-0.0120984954123011	-0.0643279119201683	1	0.842307692307692	0.853333333333333	0.304242424242424	0.171818181818182
Cerapachys.sulcinodis	1	1	0	-0.285521334469436	-0.832185186896407	-1.68444500195872	0.705051976867933	-3.56284454697433	1.25861099495213	0.0845776829434937	-0.146052543346436	-0.724351245094903	-0.1713132404696	0.00597296358452587	1	0.834615384615385	0.876666666666667	0.369090909090909	0.29875
Crematogaster.auberti	1	0	1	-1.52896025378641	1.47339304013954	0.701220606714017	-0.107301787154838	0.253943295055455	0.300046777469977	0.0299872094803797	-2.34368795322935	0.169853689627936	-0.0533146725442697	-0.228239066522065	1	0.311538461538462	0.666666666666667	0.0466666666666667	0.161136363636364
Crematogaster.cerasi	1	0	1	-1.52896025378641	1.47339304013954	0.701220606714013	-0.107301787154832	0.25394329505545	0.300046777469974	0.0299872094803766	-2.34368795322935	0.169853689627935	-0.053314672544268	-0.228239066522066	1	0.130769230769231	0.74	0.0733333333333333	0.189886363636364
Crematogaster.minutissima	1	0	0	-1.52887445044514	1.47328650461461	0.70111788100538	-0.107279707737872	0.253889361715048	0.299976158347423	0.0299800375339684	-2.34311115291828	0.169811500274998	-0.0533012765962133	-0.228181801973615	0	0.338461538461538	0.87	0.108484848484848	0.211022727272727
Crematogaster.rogenhoferi	1	0	1	-1.53424539764579	1.48009033198876	0.70846906340177	-0.109104002535747	0.25844843525812	0.306622349823513	0.0306728208046862	-2.40253955836094	0.174300423670966	-0.0548925143019253	-0.235202641378877	1	0.746153846153846	0.913333333333333	0.497575757575758	0.369772727272727
Crematogaster.scutellaris	1	0	1	-1.52887445044513	1.4732865046146	0.701117881005367	-0.107279707737872	0.253889361715021	0.29997615834741	0.0299800375339677	-2.34311115291824	0.169811500274986	-0.0533012765962123	-0.228181801973617	1	0.238461538461538	0.676666666666667	0.0248484848484848	0.158181818181818
Crematogaster.sordidula	1	0	1	-1.53424539764579	1.48009033198872	0.70846906340177	-0.109104002535742	0.258448435258117	0.306622349823513	0.0306728208046947	-2.40253955836097	0.174300423670964	-0.0548925143019377	-0.23520264137887	1	0.296153846153846	0.63	0.0466666666666667	0.154886363636364
Cryptopone.motschulskyi	1	1	0	-0.647033842663437	-3.37289089528843	1.51735901608142	-0.121462419933049	0.439512979670253	0.0329696447638106	0.0031135835360351	0.007717408293307	0.178457337768759	1.67605766734486	-0.965740639530913	0	0.653846153846154	0.873333333333333	0.803030303030303	0.593522727272727
Diacamma.rugosum	2	1	1	-0.63497642998765	-3.29024280666421	1.43281711690862	-0.110466419710681	0.397484639557017	0.0290746910001043	0.0027298230549397	0.00667262018519767	0.153267740473837	1.40856493760254	-0.80683630488597	0	0.653846153846154	0.906666666666667	0.248484848484848	0.733863636363636
Dinoponera.gigantea	2	1	1	-0.67110011125994	-3.54077696980597	1.70713000132561	-0.149480431644455	0.548784574946827	0.0441065540724147	0.00423652010078053	0.0109547752476327	0.258773085132506	2.61671937394423	-1.54050566279854	0	0.734615384615385	0.903333333333333	0.370606060606061	0.325
Dinoponera.grandis	2	1	1	-0.67110011125985	-3.54077696980533	1.70713000132494	-0.149480431644362	0.548784574946463	0.044106554072381	0.00423652010077863	0.0109547752476167	0.258773085132257	2.61671937394145	-1.54050566279686	0	0.646153846153846	0.843333333333333	0.346363636363636	0.228295454545455
Discothyrea.kamiteta	1	1	0	-0.432556941248027	-1.85246354766039	-0.422483344793163	0.260136474083856	-1.16197653635989	-0.281370794441789	-0.042979722910585	0.262853281445004	2.20758838478927	4.9279235710517	-1.93981361315677	0	0.834615384615385	0.753333333333333	0.439393939393939	0.250227272727273
Dolichoderus.attelaboides	1	0	1	-0.299557982115476	-0.751675309067983	-4.85857640461097	-1.12319316592363	2.94618809263898	0.818919193155183	0.0765748001932027	-0.244561097567155	-1.65715004146858	0.341126994405713	0.0895266719878067	1	0.619230769230769	0.94	0.00484848484848485	0.461931818181818
Dolichoderus.mariae	1	0	1	-0.299820678870514	-0.75254113987178	-4.871227026403	-1.12791335177528	2.95925317042865	0.823385922767967	0.0770101175186663	-0.246084502290489	-1.66790027042574	0.343619816070897	0.0902004906985293	2	0.169230769230769	0.656666666666667	0.234848484848485	0.189886363636364
Dolichoderus.quadripunctatus	1	0	1	-0.299557982115072	-0.751675309066653	-4.85857640459167	-1.12319316591647	2.94618809261918	0.818919193148437	0.076574800192547	-0.244561097564859	-1.6571500414524	0.34112699440196	0.0895266719867997	1	-0.0846153846153846	0.596666666666667	0.135151515151515	0.233636363636364
Dorylus.wilverthi	1	1	0	-0.294648720921222	-0.868240699860547	-1.88397269099017	0.88332455363455	-4.5619671912101	1.82256111039517	0.127023484255397	-0.24392786960972	-1.28957865351135	-0.416389522723537	0.0165995291837996	2	0.75	0.826666666666667	0.36	0.241590909090909
Dorymyrmex.bureni	1	0	1	-0.301681754002423	-0.75872146143237	-4.96524398583927	-1.16463001926782	3.06156844582192	0.85942890257398	0.08054691766287	-0.258664967349926	-1.75737104108588	0.364892705267103	0.0959895730308297	1	0.388461538461538	0.89	0.146363636363636	0.201022727272727
Eciton.burchellii	0	1	0	-0.319195630620979	-0.96592033849843	-2.44663825064675	1.41030509889717	-7.5365175416632	3.55646550290757	0.258506878753775	-0.552624146381097	-3.08787606467712	-1.21858306443516	0.0516543732257877	2	0.211538461538462	0.913333333333333	0.00484848484848485	0.82625
Eciton.hamatum	0	1	0	-0.319845912754971	-0.968501447587203	-2.4613083804557	1.42384394366677	-7.6127747146095	3.60050189759767	0.261839132257879	-0.560408598712397	-3.13311681495192	-1.23861304584565	0.0525279050351453	2	0.576923076923077	0.913333333333333	0.00484848484848485	0.561136363636364
Eciton.mexicanum	0	1	0	-0.319843064250116	-0.968490147122573	-2.46124432568658	1.4237849995935	-7.6124428513538	3.6003106011203	0.261824662607291	-0.56037482826431	-3.13292063942392	-1.23852631274111	0.0525241239060477	2	0.496153846153846	0.913333333333333	0.137272727272727	0.541022727272727
Eciton.rapax	0	1	0	-0.319845912754971	-0.968501447587203	-2.4613083804557	1.42384394366677	-7.6127747146095	3.60050189759767	0.26183913225788	-0.560408598712393	-3.13311681495192	-1.23861304584565	0.0525279050351443	2	0.903846153846154	0.913333333333333	0.444545454545455	0.8275
Eciton.vagans	0	1	0	-0.319195630620937	-0.965920338498257	-2.44663825064579	1.41030509889629	-7.53651754165823	3.5564655029047	0.25850687875356	-0.552624146380593	-3.0878760646742	-1.21858306443388	0.051654373225734	2	0.657692307692308	0.9	0.164545454545455	0.742954545454545
Ectatomma.brunneum	1	1	1	-0.381008699905093	-0.021465329266933	-1.1950029356829	0.473672295713063	-1.24871044734692	-2.55502296854993	-0.57305817019311	0.599576436236383	2.30991801924058	2.03796786783046	8.88484335938923	1	0.623076923076923	0.926666666666667	0.137272727272727	0.531022727272727
Ectatomma.edentatum	1	1	1	-0.380406486240913	-0.0214208176197682	-1.1894358318519	0.47013466334865	-1.23887894311732	-2.53038557908774	-0.56730440809342	0.592995016789283	2.28354056701714	2.01184190232795	8.7676383382502	1	0.515384615384615	0.916666666666667	0.0275757575757576	0.478522727272727
Ectatomma.tuberculatum	1	1	1	-0.38040648624142	-0.0214208176198032	-1.18943583185659	0.47013466335161	-1.23887894312556	-2.53038557910832	-0.567304408098223	0.592995016794767	2.2835405670391	2.01184190234965	8.76763833834753	1	0.55	0.933333333333333	0.00484848484848485	1.01079545454545
Forelius.pruinosus	1	0	1	-0.302593827186304	-0.761734219049993	-5.0097968839241	-1.18149026307829	3.10833585520652	0.87557261879681	0.08212376885918	-0.264212915057542	-1.79662289301755	0.37407176922242	0.0984764294771587	2	0.153846153846154	0.946666666666667	0.016969696969697	0.358863636363636
Formica.aquilonia	1	0	1	2.58013448981805	0.547318093005517	0.404291611687733	3.19598177004798	1.13476438511695	1.24712397598978	-2.64381083032257	0.040664444368405	0.0813153460261447	-0.00581604522349853	-0.0233244091797127	2	-0.130769230769231	0.303333333333333	0.128787878787879	0.236818181818182
Formica.archboldi	1	0	1	2.56814815904969	0.543985344443627	0.3987875553884	3.12659167474994	1.10881085112852	1.2123046291749	-2.5670082446682	0.0393752081945673	0.0786355750896947	-0.00560142334559247	-0.022439330372918	1	0.742307692307692	0.78	0.283636363636364	0.172386363636364
Formica.bruni	1	0	1	2.61657083327479	0.557578800112443	0.42244532470704	3.4437548812008	1.2285433692055	1.37981769440778	-2.94011890451632	0.045786957597676	0.0921147002723757	-0.0067216258304654	-0.0271059181688261	1	-0.0653846153846154	0.303333333333333	0.154242424242424	0.220795454545455
Formica.clara	1	0	1	2.61523503878519	0.557205119646497	0.421807237082077	3.43538696434757	1.22539479164375	1.37547733772165	-2.93048433807633	0.045622737993126	0.0917708206251323	-0.0066934078151743	-0.0269887707630486	1	-0.25	0.61	0.026969696969697	0.161136363636364
Formica.cunicularia	1	0	1	2.56677821122275	0.54360120990966	0.398125071083843	3.11785120265467	1.10552065796287	1.20776658192151	-2.55693680098188	0.0392037023964823	0.0782766827065093	-0.00557206809579033	-0.0223176002077215	1	-0.111538461538462	0.596666666666667	0.0372727272727273	0.156931818181818
Formica.exsectoides	1	0	1	2.61676721964859	0.557633636695137	0.42253806408458	3.44495848268597	1.22899557017253	1.38043701676909	-2.9414916502211	0.0458102757538503	0.092163450141165	-0.00672560576444213	-0.0271224185653414	2	0.0346153846153846	0.473333333333333	0.130909090909091	0.165681818181818
Formica.incerta	1	0	1	2.56688903432982	0.54363199079441	0.398175618358697	3.11848447347929	1.10575730022412	1.2080827899538	-2.55763364175842	0.039215374722798	0.0783009197670513	-0.00557400294448047	-0.0223255724145136	1	0.0961538461538462	0.42	0.184545454545455	0.196363636363636
Formica.lemani	1	0	1	2.57854119740729	0.546875202167773	0.40356118390717	3.18678687485343	1.13132600854093	1.24251530689999	-2.63364738966281	0.0404939201461767	0.0809609803264143	-0.0057876847234129	-0.0232074757498161	1	-0.130769230769231	0.523333333333333	0.0384848484848485	0.236818181818182
Formica.pallidefulva	1	0	1	2.56688903432982	0.54363199079441	0.398175618358697	3.11848447347929	1.10575730022412	1.2080827899538	-2.55763364175842	0.0392153747227993	0.0783009197670507	-0.00557400294448087	-0.0223255724145134	1	0.0730769230769231	0.78	0.0709090909090909	0.208295454545455
Formica.picea	1	0	1	2.61099379971542	0.556021061485943	0.41980669921974	3.40945144061477	1.2156521917399	1.36214349287525	-2.9009342041443	0.045120974164653	0.0907220018563203	-0.0066078315749805	-0.0266340351337569	1	-0.215384615384615	0.86	0.0339393939393939	0.323863636363636
Formica.podzolica	1	0	1	2.61411029326687	0.55689118487876	0.42127745258149	3.4285279803589	1.2228187525623	1.37195489146201	-2.92267958091152	0.0454902772400927	0.0914940073538037	-0.0066708387509765	-0.0268952350988863	2	-0.3	0.616666666666667	0.0524242424242424	0.163068181818182
Formica.rufibarbis	1	0	1	2.61523503878519	0.557205119646497	0.421807237082077	3.43538696434757	1.22539479164375	1.37547733772165	-2.93048433807633	0.045622737993126	0.0917708206251313	-0.00669340781517333	-0.0269887707630476	1	-0.0384615384615385	0.583333333333333	0.06	0.210340909090909
Formica.subsericea	1	0	1	2.61339175210275	0.55669040420069	0.4209366013823	3.42408566774957	1.2211487245445	1.36966149291321	-2.91759309499752	0.0454037508670653	0.091312987953541	-0.0066560280913053	-0.0268337958585901	2	-0.1	0.643333333333333	0.123939393939394	0.22625
Formica.yessensis	1	0	1	2.61411029326687	0.55689118487876	0.42127745258149	3.4285279803589	1.22281875256229	1.37195489146201	-2.92267958091152	0.0454902772400933	0.0914940073538037	-0.0066708387509767	-0.0268952350988885	2	0.242307692307692	0.473333333333333	0.335454545454545	0.232613636363636
Gnamptogenys.bicolor	1	1	1	-0.37621829624536	-0.021110743176325	-1.1503142370775	0.445033136427457	-1.16902046140508	-2.35423348840028	-0.5261084030412	0.545716292596343	2.09375457558382	1.8229182354816	7.91895901800213	1	0.807692307692308	0.896666666666667	0.349393939393939	0.284204545454545
Gnamptogenys.menadensis	2	1	1	-0.377787674917727	-0.0212264784698894	-1.16461232119487	0.4539907087848	-1.1938618388414	-2.41589560172705	-0.540477296561397	0.56206614818453	2.15911784167363	1.88713317528853	8.2064012313228	0	0.9	0.906666666666667	0.349393939393939	0.402727272727273
Harpegnathos.saltator	2	1	0	-0.58476766265858	-2.94191143257635	1.04536827284826	-0.0499626623153547	0.155165771915863	-0.00621454021860887	-0.00191947283462122	0.0236152692750267	0.241874048360274	0.951069549852857	-0.466343966108247	0	0.919230769230769	0.906666666666667	0.248484848484848	0.555681818181818
Iridomyrmex.purpureus	1	0	1	-0.302011870987119	-0.759804073209823	-4.98062824593703	-1.17018047766057	3.07685241500011	0.864531894405657	0.0810414739386733	-0.260372381939365	-1.76934038334655	0.367608195145673	0.0967191441329003	2	0.353846153846154	0.976666666666667	0.0484848484848485	0.213181818181818
Labidus.coecus	1	1	1	-0.316079002369175	-0.95354803469924	-2.37626668058886	1.34530859570816	-7.1703847275795	3.34492869625317	0.242498006833896	-0.515216117913533	-2.87044560584135	-1.12227975383912	0.047454032727526	2	0.326923076923077	0.946666666666667	0.09	0.789318181818182
Labidus.praedator	1	1	1	-0.314007376792316	-0.945279308781217	-2.32786668860674	1.29917293331718	-6.90930526666707	3.19102518716848	0.230797764100346	-0.4875814255446	-2.70900339844339	-1.04961005920366	0.0442708047094007	2	0.411538461538462	0.94	0.00484848484848485	0.531704545454545
Lasius.alienus	1	0	1	2.18616415591154	0.430507862236377	0.0879814301980893	2.0252030936752	0.272153863433488	-1.88330321271096	5.74637621143157	-0.211146748929879	-0.71019816213751	-0.129830622112549	-0.315487271198565	2	-0.25	0.72	0.0566666666666667	0.196590909090909
Lasius.carniolicus	1	0	1	2.15787633750009	0.423196141703167	0.0846158214109447	1.90062832231338	0.254497605493467	-1.7333531648137	5.2697443614301	-0.191977798704463	-0.643086564874057	-0.116032349983964	-0.280967599653903	0	-0.0192307692307692	0.496666666666667	0.0593939393939394	0.151363636363636
Lasius.emarginatus	1	0	1	2.1759464521559	0.427867819830537	0.086768737461867	1.98042868580974	0.265810314273481	-1.82952269792615	5.57549869529727	-0.20428120890501	-0.686172911431743	-0.124898641300856	-0.30315398628408	2	0.238461538461538	0.553333333333333	0.135151515151515	0.158181818181818
Lasius.grandis	1	0	1	2.17280007542491	0.42704392961519	0.0863631914615633	1.96431062608037	0.263502638836653	-1.80904576500125	5.50977122249777	-0.201576569231129	-0.676601274701897	-0.122862879230947	-0.298015272957067	2	0.219230769230769	0.593333333333333	0.0748484848484848	0.163522727272727
Lasius.jensi	1	0	1	2.18616415591154	0.430507862236377	0.0879814301980893	2.0252030936752	0.272153863433488	-1.88330321271096	5.74637621143153	-0.211146748929879	-0.710198162137507	-0.129830622112549	-0.315487271198564	2	0.192307692307692	0.363333333333333	0.06	0.0977272727272727
Lasius.meridionalis	1	0	1	2.17396736892716	0.427344781302597	0.0864995498212497	1.96926967373333	0.264203662578337	-1.81493045358618	5.5284264333689	-0.2023220741647	-0.679203387313013	-0.123392650451371	-0.299337109832037	2	0.153846153846154	0.47	0.135757575757576	0.196590909090909
Lasius.myops	1	0	1	2.16019993045632	0.423793972958117	0.084884308695527	1.91029432652905	0.25586200973746	-1.74473276950412	5.3057664832446	-0.193412364097462	-0.648085584237523	-0.117044826650912	-0.283490329844088	2	-0.0192307692307692	0.566666666666667	0.131212121212121	0.154318181818182
Lasius.neoniger	1	0	1	2.18382064161377	0.429902934422957	0.0877049675223013	2.01505174984362	0.270716780036421	-1.87116170566952	5.7078287905874	-0.209600812170864	-0.70479298003275	-0.128724051405854	-0.312722098838053	2	-0.180769230769231	0.75	0.0542424242424242	0.35625
Lasius.paralienus	1	0	1	2.17251574789902	0.426983290288727	0.086366976691777	1.96577642608889	0.263738100035018	-1.81209088243623	5.52020954937873	-0.202068973722992	-0.678446578963947	-0.123322384309001	-0.299218795112427	2	0.146153846153846	0.61	0.142727272727273	0.155909090909091
Lasius.psammophilus	1	0	1	2.18480335970786	0.430156554560167	0.087820763345745	2.01929914360524	0.271317975010103	-1.87623768637451	5.72394187144847	-0.210246799990492	-0.707051229288503	-0.12918613051503	-0.313876614723869	2	0.0884615384615385	0.606666666666667	0.150909090909091	0.156931818181818
Lasius.reginae	1	0	1	2.15775172668453	0.423164765159107	0.0846033641160333	1.9002453946769	0.254444906525268	-1.73296347261288	5.26854661323643	-0.191933478612943	-0.642937724303877	-0.116005826901974	-0.280903931114214	2	0.173076923076923	0.553333333333333	0.151515151515152	0.14375
Lasius.umbratus	1	0	1	2.16459461559414	0.424934201644283	0.0854198700731877	1.93057184253443	0.258745560144481	-1.76958523421916	5.38502785564863	-0.19662551413386	-0.659377712238747	-0.119394832262514	-0.289388596062274	2	-0.107692307692308	0.66	0.0890909090909091	0.278181818181818
Leptogenys.peuqueti	2	1	0	-0.679396024923707	-3.60979783853017	1.88166307437727	-0.214751018080777	0.849972098947437	0.137300149224758	0.0196148557138636	-0.106509833309106	-0.866112370388847	-2.13659461634715	0.970366683529077	0	0.865384615384615	0.903333333333333	0.52030303030303	0.372727272727273
Leptomyrmex.fragilis	1	0	1	-0.305276753545084	-0.770640763878863	-5.14506299161893	-1.23423437057129	3.25528387003726	0.927296404589273	0.087198431289147	-0.282256845775665	-1.92492794333524	0.40456349469161	0.106773323845894	1	0.5	0.903333333333333	0.39969696969697	0.733863636363636
Leptomyrmex.nigriventris	1	0	1	-0.305276753545084	-0.770640763878863	-5.14506299161893	-1.23423437057129	3.25528387003726	0.927296404589273	0.0871984312891473	-0.282256845775667	-1.92492794333524	0.40456349469161	0.106773323845894	1	0.453846153846154	0.66	0.0806060606060606	0.225568181818182
Leptomyrmex.unicolor	1	0	1	-0.30472756166697	-0.76882324489883	-5.1179080835673	-1.22383525984955	3.22638722347515	0.917241708856467	0.0862145237414713	-0.278779843110908	-1.90027607705834	0.398759122725457	0.105197845138658	1	0.496153846153846	0.85	0.28	0.330568181818182
Liometopum.apiculatum	1	0	1	-0.301695090284702	-0.758809866004457	-4.97034787375487	-1.16842952604698	3.07294059821613	0.864714457682393	0.0810955041765997	-0.260876667962813	-1.77401126774704	0.369574429779433	0.0973190473602783	2	0.0230769230769231	0.84	0.0657575757575758	0.241704545454545
Meranoplus.mucronatus	1	1	1	-1.51105612045482	1.45073254235051	0.676857102680753	-0.101291071251758	0.238935466582875	0.278257822194973	0.0277181598873947	-2.14949561529124	0.155201925251465	-0.0481401639924227	-0.205431558177471	2	1.00769230769231	0.896666666666667	0.603939393939394	0.366590909090909
Messor.aciculatus	1	0	0	-1.32939647635886	1.21143266460806	0.347845641985357	0.0195437900509125	-0.0890223419849203	-0.797359160116867	-0.356949076803767	-0.55130039508637	-0.090923500061415	0.133794626341914	0.728080320014217	2	0.426923076923077	0.626666666666667	0.374242424242424	0.381363636363636
Messor.aegyptiacus	1	0	0	-1.3425879923935	1.22742053819143	0.358962849973843	0.0206383711246451	-0.094350090147919	-0.8595156937356	-0.386342569687707	-0.602690043987803	-0.0998909031425977	0.149455074470185	0.817127532725703	2	0.615384615384615	0.77	0.000606060606060606	0.0919318181818182
Messor.arenarius	1	0	0	-1.34394026342021	1.22904204396678	0.36002672304383	0.0207362815730538	-0.0948218536084773	-0.86477419256515	-0.38880316656978	-0.60688438744649	-0.100613928249465	0.150668598720118	0.823953463586317	2	0.388461538461538	0.75	0.00424242424242424	0.117727272727273
Messor.bouvieri	1	0	0	-1.32562066691299	1.20690499467995	0.34487827033652	0.019271772551421	-0.087712791226733	-0.78283077135676	-0.35015965184463	-0.53976684362116	-0.088938961341839	0.13048608108355	0.7095081579484	2	0.323076923076923	0.606666666666667	0.0703030303030303	0.161136363636364
Messor.ebeninus	1	0	0	-1.33377730506919	1.21683179862798	0.35193208243273	0.0199827072300613	-0.091184808358174	-0.823933641842357	-0.369660750207543	-0.574124723840827	-0.0949561550479513	0.141115492809484	0.7701321175449	2	0.534615384615385	0.846666666666667	0.0257575757575758	0.105681818181818
Messor.minor	1	0	0	-1.33377730506918	1.21683179862798	0.351932082432727	0.0199827072300609	-0.0911848083581723	-0.82393364184236	-0.369660750207547	-0.574124723840827	-0.0949561550479513	0.141115492809485	0.7701321175449	2	0.326923076923077	0.853333333333333	0.0190909090909091	0.101704545454545
Messor.wasmanni	1	0	0	-1.32740242957014	1.20903438292008	0.346249100798737	0.0193949511115871	-0.088304067663025	-0.789306245567497	-0.3531768989433	-0.544856813198217	-0.0898118754112063	0.131926023651312	0.717568176009363	2	0.296153846153846	0.63	0.134848484848485	0.146818181818182
Metapone.madagascarica	2	1	0	-1.48053510702936	1.41206764717396	0.635063314406927	-0.0909086259609817	0.212983511294652	0.240384343851798	0.0237691849107864	-1.81049168235553	0.129585339063036	-0.0390469478261817	-0.16529401168449	0	0.923076923076923	0.803333333333333	0.116363636363636	0.0656818181818182
Monomorium.floricola	0	1	1	-1.39668669603565	1.30269595750856	0.494790493788073	-0.0462899725506397	0.0960141665738763	-0.0255446566605783	-0.0414628632922443	-0.412159596906157	0.00376119381490993	0.0221008177653275	0.126300524419799	2	0.792307692307692	0.946666666666667	0.368181818181818	0.555681818181818
Monomorium.minimum	0	1	1	-1.39802279338811	1.30433439420935	0.496204406518863	-0.0465046747500803	0.0964844803081067	-0.0256991164481141	-0.0417243806024847	-0.4150135838469	0.00378834180511757	0.0222810384879441	0.127362109777594	1	0.0807692307692308	0.91	0.0296969696969697	0.350454545454545
Myopias.concava	1	1	0	-0.66454216123999	-3.504213665425	1.74392605403657	-0.186061182975011	0.727856415171223	0.11083142566556	0.0155917515149417	-0.0813421503082773	-0.64768140852498	-1.47794010400355	0.655161981587007	0	0.653846153846154	0.796666666666667	0.879090909090909	0.593522727272727
Myopias.julivora	1	1	0	-0.664542161239097	-3.50421366541883	1.74392605402965	-0.186061182973831	0.727856415166343	0.11083142566465	0.0155917515148085	-0.081342150307518	-0.647681408518687	-1.47794010398742	0.655161981579653	0	0.653846153846154	0.806666666666667	0.591818181818182	0.593522727272727
Myrmecina.americana	1	0	0	-1.51862508527782	1.46081349082498	0.69135376050845	-0.106478270564926	0.252684632147812	0.304817019166759	0.0306866392972786	-2.45319892294738	0.180305386290447	-0.0604445453164387	-0.265368870105112	0	-0.0192307692307692	0.826666666666667	0.105454545454545	0.22
Myrmecina.graminicola	1	0	0	-1.51816573538738	1.46023397684821	0.690738671484167	-0.106326686686351	0.252305512437759	0.304257566973485	0.0306280105467629	-2.44807805629383	0.179913958191889	-0.060297370962754	-0.264704150661876	0	0.15	0.613333333333333	0.141515151515152	0.163636363636364
Myrmecina.nipponica	1	0	0	-1.51862508527986	1.46081349082755	0.691353760511187	-0.106478270565585	0.252684632149497	0.304817019169243	0.0306866392975422	-2.45319892297006	0.180305386292177	-0.060444545317087	-0.265368870108077	0	0.273076923076923	0.54	0.302424242424242	0.381363636363636
Myrmecocystus.depilis	1	0	1	2.17073290286148	0.426511235450773	0.0861219592130773	1.95554566441558	0.26226376587118	-1.79865216572643	5.4768264712271	-0.200260423509262	-0.672008057606033	-0.121928159096713	-0.295683325806827	2	0.442307692307692	0.84	0.0233333333333333	0.13
Myrmecocystus.mendax	1	0	1	2.17566259980366	0.427795377324893	0.0867376238634087	1.97936654357072	0.265661597915023	-1.82832726831828	5.57174710221693	-0.204134888303083	-0.68566816829503	-0.124799760110937	-0.302909858816396	2	0.173076923076923	0.82	0.0339393939393939	0.129204545454545
Myrmica.curvithorax	1	1	1	-0.928110660392103	0.67389428673754	-0.485134087538347	0.415197589718867	-1.23059724656108	-6.8413137594584	-3.08795742257869	1.71032789071316	-3.5705997798445	-0.792980984224743	-2.51712347046994	1	0.307692307692308	0.31	0.151515151515152	0.0822727272727273
Myrmica.gallienii	1	1	1	-0.926246981176253	0.6721200509921	-0.482273988481947	0.411287332460363	-1.21838577236197	-6.75835449541693	-3.04898722456317	1.68675834765789	-3.51943951166463	-0.78024800838754	-2.47555245886625	1	0.184615384615385	0.363333333333333	0.160909090909091	0.146136363636364
Myrmica.lobicornis	1	1	1	-0.928110660392103	0.67389428673754	-0.485134087538347	0.415197589718863	-1.23059724656108	-6.8413137594584	-3.08795742257869	1.71032789071316	-3.5705997798445	-0.792980984224743	-2.51712347046994	1	-0.130769230769231	0.49	0.0836363636363636	0.236818181818182
Myrmica.punctiventris	1	1	0	-0.92577874982561	0.6716739326789	-0.48155181092432	0.410295503443703	-1.21528634146402	-6.73723860101937	-3.03906170963094	1.68074633555443	-3.50638059214387	-0.776990618444757	-2.46491136575066	0	0.230769230769231	0.646666666666667	0.225454545454545	0.199318181818182
Myrmica.rugulosa	1	1	1	-0.92577874982685	0.671673932680087	-0.48155181092622	0.41029550344627	-1.21528634147207	-6.73723860107387	-3.03906170965654	1.68074633556987	-3.50638059217737	-0.776990618453067	-2.46491136577779	1	0.0923076923076923	0.34	0.154545454545455	0.115795454545455
Myrmica.scabrinodis	1	1	1	-0.92700137996301	0.672837880333527	-0.483428066194347	0.412860581171753	-1.22329686220351	-6.79165697426803	-3.06462462544028	1.69620677605846	-3.53993889842723	-0.785342523453243	-2.49217871990309	1	-0.0692307692307692	0.573333333333333	0.0836363636363636	0.236818181818182
Myrmica.specioides	1	1	1	-0.92700137996301	0.672837880333527	-0.483428066194347	0.412860581171753	-1.22329686220351	-6.79165697426803	-3.06462462544028	1.69620677605846	-3.53993889842723	-0.78534252345324	-2.49217871990309	1	0	0.553333333333333	0.0487878787878788	0.160795454545455
Myrmicaria.brunnea	1	1	1	-1.40349950602482	1.31104940787357	0.501994691527283	-0.0473831756107357	0.0984086334377453	-0.0263307017291382	-0.042793592958946	-0.42667873744954	0.00389928916886563	0.0230172393880218	0.131698182824944	2	0.788461538461538	0.913333333333333	0.248484848484848	0.555681818181818
Myrmicocrypta.ednaella	1	1	0	-1.54372782612408	1.49541325789276	0.753871976127043	-0.143138555515516	0.36301910189085	1.11814339510354	0.469391085941073	2.26235698842195	-0.061019189346225	-0.0137679150303744	-0.076376711841001	0	0.992307692307692	0.913333333333333	0.406666666666667	0.249659090909091
Neivamyrmex.nigrescens	1	1	0	-0.315285302687456	-0.95033007541333	-2.35591543059014	1.32437173606349	-7.05066586430503	3.27119178338839	0.236838668915654	-0.50155275225855	-2.7898095281675	-1.08483079995037	0.0458002991935303	2	0.126923076923077	0.876666666666667	0.0275757575757576	0.241818181818182
Neivamyrmex.opacithorax	1	1	0	-0.314435280195757	-0.946970755688907	-2.33726680307766	1.30762463175476	-6.9567231197809	3.21792953635313	0.232825350501783	-0.49227202812975	-2.73613584140388	-1.06144081241445	0.0447846196256957	2	0.284615384615385	0.876666666666667	0.0563636363636364	0.338409090909091
Neivamyrmex.texanus	1	1	0	-0.315285302687456	-0.950330075413327	-2.35591543059014	1.32437173606349	-7.05066586430503	3.27119178338839	0.236838668915655	-0.50155275225855	-2.7898095281675	-1.08483079995037	0.0458002991935293	2	0.303846153846154	0.756666666666667	0.073030303030303	0.201136363636364
Neoponera.commutata	1	1	0	-0.668155342356623	-3.52036310463963	1.68484422454131	-0.146324629524222	0.536555204901057	0.042895991676453	0.00411529289563423	0.0106110381974899	0.250313950791667	2.52025012678931	-1.48199325963588	1	0.807692307692308	0.913333333333333	0.346363636363636	0.370568181818182
Neoponera.obscuricornis	1	1	0	-0.668155342356623	-3.52036310463963	1.68484422454131	-0.146324629524222	0.536555204901053	0.042895991676454	0.0041152928956349	0.0106110381974905	0.250313950791667	2.52025012678931	-1.48199325963588	0	0.746153846153846	0.913333333333333	0.346363636363636	0.82625
Neoponera.verenae	1	1	1	-0.668257479068893	-3.5210687873042	1.68560113119917	-0.146429733145514	0.536961340899507	0.042935691330296	0.0041192571383539	0.0106222030614939	0.250587830326606	2.52334170186104	-1.4838632979058	1	0.657692307692308	0.933333333333333	0.00484848484848485	0.541022727272727
Neoponera.villosa	1	1	1	-0.667883568789723	-3.5184851084097	1.68282844378564	-0.146044496212242	0.53547260326675	0.042790114163078	0.00410471919934193	0.010581250495005	0.249583150778266	2.51199745418153	-1.47700082767647	1	0.6	0.933333333333333	0.00484848484848485	0.561136363636364
Nomamyrmex.esenbeckii	1	1	0	-0.317539396002402	-0.959346173652257	-2.40926659903339	1.37580900559693	-7.3422141072338	3.44424776037097	0.250015093338742	-0.53278534749058	-2.97257600546195	-1.1675302728339	0.0494278457218117	2	0.584615384615385	0.946666666666667	0.00484848484848485	0.561136363636364
Novomessor.cockerelli	1	0	1	-1.34394026342021	1.22904204396678	0.36002672304383	0.020736281573054	-0.0948218536084773	-0.86477419256515	-0.38880316656978	-0.60688438744649	-0.100613928249465	0.15066859872012	0.823953463586313	1	0.442307692307692	0.803333333333333	0.0333333333333333	0.139318181818182
Ochetellus.glaber	1	0	1	-0.302011870987119	-0.759804073209823	-4.98062824593703	-1.17018047766057	3.07685241500011	0.864531894405657	0.0810414739386733	-0.260372381939363	-1.76934038334655	0.367608195145673	0.0967191441329003	2	0.330769230769231	0.886666666666667	0.101212121212121	0.387954545454545
Odontomachus.bauri	1	1	0	-0.715844552610653	-3.86841838329273	2.21586617097719	-0.283641666957194	1.14275497079497	0.200339820866116	0.0291821255091135	-0.166147989221333	-1.3828403854319	-3.68638567983627	1.71097005767243	1	0.75	0.933333333333333	0.125757575757576	0.8275
Odontomachus.brunneus	1	1	1	-0.71512774666464	-3.8633293597258	2.20926986261554	-0.282277387220862	1.13695401138546	0.199088133666363	0.0289920703510657	-0.16496191585124	-1.37255822169364	-3.6554938223941	1.69620087780765	0	0.534615384615385	0.913333333333333	0.173030303030303	0.531704545454545
Odontomachus.chelifer	1	1	0	-0.716022749615027	-3.86969329714743	2.21758587677765	-0.284012716383923	1.14434220101592	0.200691342570802	0.0292358111109915	-0.166487611370584	-1.38580347698439	-3.69546871235267	1.71533567631045	0	0.619230769230769	0.916666666666667	0.0275757575757576	0.82625
Odontomachus.clarus	1	1	0	-0.718312859043493	-3.88594405964477	2.23859596590291	-0.28834636474102	1.16276193607831	0.204659229504696	0.029838069982157	-0.17024288339978	-1.41834509692501	-3.7931137244247	1.7620035732338	0	0.346153846153846	0.91	0.0327272727272727	0.201136363636364
Odontomachus.haematodus	1	1	1	-0.71691850840058	-3.8760344989066	2.2256803858842	-0.285658621765846	1.15132327762038	0.20218124675748	0.0294614750286307	-0.167887638076834	-1.39790648482767	-3.73150765831547	1.73252447026971	1	0.715384615384615	0.913333333333333	0.159090909090909	0.339431818181818
Odontomachus.hastatus	1	1	1	-0.71690774038982	-3.87597551637597	2.22572350568204	-0.285694781818269	1.15149385433404	0.20223400797589	0.0294700338773019	-0.167949125060066	-1.39847271426348	-3.7335260618117	1.73352992844029	1	0.619230769230769	0.913333333333333	0.391212121212121	0.561136363636364
Odontomachus.laticeps	1	1	0	-0.712519303306957	-3.84478439544533	2.18505248143451	-0.277227295990302	1.11545519584145	0.194424841107386	0.0282831578396677	-0.160525377623633	-1.33404624790917	-3.53929645702707	1.64058483393719	0	0.465384615384615	0.906666666666667	0.161818181818182	0.541022727272727
Odontomachus.opaciventris	1	1	1	-0.716907740388857	-3.87597551636913	2.22572350567324	-0.28569478181646	1.15149385432636	0.20223400797424	0.0294700338770519	-0.167949125058515	-1.39847271424995	-3.7335260617712	1.73352992842093	0	0.496153846153846	0.913333333333333	0.436363636363636	0.561136363636364
Odontomachus.troglodytes	1	1	1	-0.711409670331757	-3.83692894012737	2.17502329176536	-0.275187470657455	1.10680293589353	0.192577881509923	0.0280033989916564	-0.158789519033315	-1.3190390561301	-3.49459994952217	1.61926548485648	0	0.515384615384615	0.916666666666667	0	0.268863636363636
Onychomyrmex.hedleyi	1	1	0	-0.439121334515793	-1.91033653100657	-0.255983779224063	0.198705644747034	-0.882212852465813	-0.203491360429677	-0.0306166224710106	0.179635349943522	1.4751675673313	3.03961092081549	-1.17380948740574	1	0.769230769230769	0.79	0.147272727272727	0.38
Pachycondyla.harpax	1	1	1	-0.668878221905623	-3.52539820240317	1.69047882892294	-0.14714398154258	0.53974242179417	0.043216732036523	0.00414753081735307	0.010703242016904	0.252592283357729	2.54656814999102	-1.49801044791132	0	0.619230769230769	0.933333333333333	0.0815151515151515	0.77125
Pachycondyla.striata	1	1	1	-0.668878221904723	-3.52539820239697	1.69047882891628	-0.147143981541655	0.539742421790593	0.0432167320361697	0.0041475308173181	0.0107032420168077	0.252592283355302	2.54656814996366	-1.49801044789477	1	0.619230769230769	0.903333333333333	0.0275757575757576	0.372727272727273
Paraponera.clavata	1	1	1	-0.45874479790936	-2.06258705352473	0.0244116575014846	0.126349607523731	-0.568778659230303	-0.133898403657851	-0.0201472987998242	0.117977593281161	0.968028177100257	2.02244008271818	-0.796217474330623	1	0.246153846153846	0.913333333333333	0.191515151515152	1.01079545454545
Pheidole.fallax	0	0	1	-1.56547971952425	1.5225990931374	0.78053733871418	-0.148556726396317	0.375971572544833	1.13291505149455	0.4713705468354	2.20513589224793	-0.0583110083006637	-0.0118785776202687	-0.0631288578769417	2	0.653846153846154	0.933333333333333	0.183333333333333	0.358863636363636
Pheidole.pallidula	0	0	1	-1.56635723464313	1.5237187759236	0.78182657447837	-0.148950006607076	0.377020809117233	1.13678666867469	0.473047790677937	2.21371330973751	-0.0585469565480993	-0.0119325309123738	-0.063423903520803	2	-0.0192307692307692	0.74	0.0136363636363636	0.163522727272727
Pheidole.specularis	0	0	1	-1.56635723464524	1.52371877592628	0.781826574481463	-0.148950006608005	0.377020809119747	1.13678666868394	0.473047790681947	2.21371330975799	-0.0585469565486677	-0.0119325309125037	-0.063423903521522	0	0.730769230769231	0.896666666666667	0.528787878787879	0.458636363636364
Platythyrea.lamellosa	2	1	0	-0.53011300061421	-2.5490547955381	0.510136293508323	0.06152616892659	-0.316095005391899	-0.10164139231741	-0.0160264869728901	0.103754548485487	0.891807980469807	2.22980027989947	-0.94745719125922	0	0.657692307692308	0.803333333333333	0.113333333333333	0.103636363636364
Platythyrea.modesta	2	1	1	-0.53048636697161	-2.55141378801635	0.51120543661705	0.0617347122394893	-0.317225919291097	-0.102089255384971	-0.0161001097781981	0.104277174812112	0.896487775491683	2.24299489922172	-0.953233199017543	0	0.546153846153846	0.876666666666667	0.0260606060606061	0.183636363636364
Platythyrea.parallela	2	1	0	-0.530486366972327	-2.55141378802087	0.5112054366191	0.0617347122398883	-0.317225919293263	-0.102089255385823	-0.0161001097783381	0.104277174813109	0.896487775500623	2.2429948992469	-0.953233199028563	0	0.653846153846154	0.913333333333333	0.35030303030303	0.593522727272727
Platythyrea.quadridenta	2	1	0	-0.52993927785432	-2.54795712906544	0.509638673770287	0.0614290758899687	-0.315568454614094	-0.10143282844655	-0.0159922003285317	0.10351113294072	0.889628239337353	2.22365358071129	-0.94476633346148	0	0.653846153846154	0.883333333333333	0.493333333333333	0.593522727272727
Platythyrea.tricuspidata	2	1	0	-0.524624329192687	-2.5143301232091	0.494286334401503	0.058410005240006	-0.299176762881693	-0.0949071905326073	-0.0149181898829945	0.0958654642286957	0.8210738874767	2.02953390616734	-0.859691755268237	0	0.803846153846154	0.696666666666667	0.972424242424242	0.364659090909091
Pogonomyrmex.californicus	1	1	0	-0.947181645361573	0.726905461590553	-0.173874089074899	0.1464941467998	-0.40615068933174	-1.4114465891942	-0.536677252940603	0.045906450228527	-0.140217455233753	0.098424804948068	0.447287915332133	1	0.219230769230769	0.786666666666667	0.0163636363636364	0.150227272727273
Pogonomyrmex.imberbiculus	1	1	0	-0.96438380526386	0.74434456309957	-0.183596057488507	0.160182444598343	-0.446404007745523	-1.58750346346748	-0.606816349050737	0.0525634578995523	-0.161520611805747	0.115598618883329	0.528092131693463	0	0.346153846153846	0.78	0.0263636363636364	0.123409090909091
Pogonomyrmex.maricopa	1	1	0	-0.96541990616817	0.74539775225021	-0.184191647526039	0.16103459651325	-0.448915858973893	-1.59860504146735	-0.611249638869847	0.0529866137286097	-0.162878410987319	0.116702713559968	0.53329904560946	2	0.0384615384615385	0.846666666666667	0.0163636363636364	0.121363636363636
Pogonomyrmex.montanus	1	1	0	-0.958587590005937	0.738465383345293	-0.180309255703765	0.15554016511577	-0.43274615716465	-1.52764709843551	-0.5829593239411	0.0502966974400463	-0.154262994734635	0.109738188098711	0.5005062135897	1	0.315384615384615	0.593333333333333	0.0984848484848485	0.0864772727272727
Pogonomyrmex.occidentalis	1	1	0	-0.963090018970237	0.743034126969407	-0.182868947211422	0.159163976144659	-0.443411234238763	-1.5744569664151	-0.601622636072227	0.0520713798998677	-0.15994721837788	0.114333558069856	0.5221441116374	1	-0.0576923076923077	0.713333333333333	0.0312121212121212	0.147840909090909
Pogonomyrmex.rugosus	1	1	0	-0.96213271116188	0.74206696710452	-0.182339697640105	0.158434500293454	-0.441272840559723	-1.56523572044031	-0.59796093525058	0.051726533803535	-0.15884777986423	0.113457840851811	0.518037207079633	2	0.188461538461538	0.853333333333333	0.0251515151515152	0.128636363636364
Pogonomyrmex.subnitidus	1	1	0	-0.96438380526386	0.74434456309957	-0.183596057488506	0.160182444598343	-0.446404007745523	-1.58750346346748	-0.606816349050737	0.0525634578995513	-0.161520611805748	0.115598618883328	0.528092131693463	2	0.342307692307692	0.603333333333333	0.0384848484848485	0.0830681818181818
Pogonomyrmex.texanus	1	1	0	-0.958734387309877	0.738619328927193	-0.180410235669145	0.15570602294508	-0.433244053288207	-1.53002055372378	-0.58392256228031	0.0503920907922107	-0.154574300575145	0.110004665369295	0.50177953283713	2	0.438461538461538	0.71	0.0657575757575758	0.146363636363636
Polyrhachis.arachne	1	0	1	2.77234082371002	0.607922833624223	0.67360238831323	-3.3836442852488	-0.651558619816087	0.112349622967505	-0.388266621399187	0.00968694660207657	0.0217992858485493	-0.00192352047161199	-0.00797364789210707	1	0.673076923076923	0.916666666666667	0.534242424242424	0.398295454545455
Polyrhachis.hodgsoni	1	0	1	2.77268339129958	0.608021287143103	0.673846182915323	-3.38559639896537	-0.65195457121763	0.112432943184454	-0.38856620226307	0.00969510254525097	0.0218183626022683	-0.00192540488742074	-0.00798168009306253	2	0.969230769230769	0.89	0.533636363636364	0.461022727272727
Polyrhachis.moesta	1	0	1	2.77033503692861	0.607346191940743	0.67217214190886	-3.3721717083535	-0.64923102096407	0.111859282284666	-0.386503145550607	0.00963890878130023	0.0216868944054186	-0.00191240869538733	-0.00792627373444113	1	0.538461538461538	0.9	0.474545454545455	0.42
Ponera.exotica	1	1	0	-0.651460052276657	-3.40331917882293	1.54897329229519	-0.125646979782277	0.455548199716233	0.0344727458480853	0.00326206594619538	0.00812415457010497	0.188292795838993	1.78149139158488	-1.02853251852605	0	0.465384615384615	0.76	0.326060606060606	0.416931818181818
Ponera.pennsylvanica	1	1	0	-0.6506735939609	-3.39792563725983	1.54344079642841	-0.124925024404903	0.45278740795054	0.0342163158426713	0.00323678733048785	0.00805524724047687	0.18663045154885	1.76380389586473	-1.01801960111647	0	0.107692307692308	0.85	0.0733333333333333	0.377159090909091
Ponera.testacea	1	1	0	-0.65067359396177	-3.3979256372658	1.54344079643447	-0.124925024405686	0.45278740795353	0.0342163158429453	0.00323678733051486	0.0080552472405482	0.186630451550624	1.76380389588352	-1.01801960112762	0	0.196153846153846	0.566666666666667	0.145151515151515	0.154090909090909
Prionopelta.opaca	1	1	0	-0.439982586533627	-1.91525952996209	-0.257477605500082	0.200580840247158	-0.891000643084717	-0.205987625206509	-0.0310081802137228	0.182154345531631	1.49671731083023	3.0896805594283	-1.19372933829652	0	0.492307692307692	0.916666666666667	0.282121212121212	0.618977272727273
Probolomyrmex.boliviensis	1	1	0	-0.434081115601517	-1.86106364816625	-0.426990399853233	0.26469904829129	-1.18354073726379	-0.287871297318115	-0.0440174827243527	0.269853159549225	2.26900357231054	5.08390636218187	-2.00322305971707	0	0.865384615384615	0.906666666666667	0.31030303030303	0.457613636363636
Probolomyrmex.dammermani	1	1	0	-0.434081115601517	-1.86106364816625	-0.426990399853233	0.26469904829129	-1.18354073726379	-0.287871297318114	-0.0440174827243523	0.269853159549226	2.26900357231054	5.08390636218187	-2.00322305971707	0	0.715384615384615	0.896666666666667	0.427272727272727	0.444204545454545
Probolomyrmex.longinodus	1	1	0	-0.433070854848133	-1.85537404085747	-0.4240385428785	0.261744417093715	-1.16959935118969	-0.283699454992849	-0.043352590920575	0.26538612117607	2.22988499257191	4.9851527547142	-1.96314342135774	0	0.896153846153846	0.823333333333333	0.734848484848485	0.296590909090909
Proceratium.goliath	1	1	0	-0.439761399191733	-1.89340739439837	-0.444807055619803	0.28382566832805	-1.2747463649103	-0.316494246857205	-0.0486299812172363	0.301675832136816	2.55127537937877	5.82690810200253	-2.30823988254704	0	0.803846153846154	0.876666666666667	0.696969696969697	0.458636363636364
Proceratium.itoi	1	1	0	-0.439761399191733	-1.89340739439837	-0.444807055619803	0.28382566832805	-1.2747463649103	-0.316494246857204	-0.048629981217236	0.301675832136816	2.55127537937877	5.82690810200253	-2.30823988254704	0	0.438461538461538	0.54	0.302424242424242	0.387954545454545
Proceratium.pergandei	1	1	0	-0.440336180568683	-1.89666154575984	-0.44654525359258	0.285627347716649	-1.2832931556905	-0.319115025905029	-0.0490500734163937	0.304537668158063	2.576506874995	5.8920388563509	-2.33483669834654	0	0.361538461538462	0.75	0.189393939393939	0.186136363636364
Proceratium.silaceum	1	1	0	-0.439341302180427	-1.89103327260333	-0.443550919714447	0.282537211222402	-1.26864347268229	-0.314635313851548	-0.0483324566576433	0.299656184429558	2.53349912458147	5.781267551395	-2.28962877622297	0	0.330769230769231	0.786666666666667	0.263333333333333	0.350454545454545
Protanilla.lini	1	1	0	-0.348098735228503	-1.28809581318282	-0.8749854788192	0.272928400240345	-1.16004914448069	-0.224967578295519	-0.0324907962564901	0.170908326129597	1.31880868884524	1.9734364538163	-0.635719774502157	0	0.6	0.753333333333333	0.625454545454545	0.387954545454545
Pseudomyrmex.concolor	1	1	1	-0.268997035941953	-0.64528262392681	-2.71314815402501	0.134544641353014	-0.820561768470233	-1.12652793735803	-0.135977767757934	0.7801716313002	7.06748680648253	-4.9413551216437	-2.3049600906297	1	0.961538461538462	0.913333333333333	0.473939393939394	0.375227272727273
Pseudomyrmex.ejectus	1	1	1	-0.259306874446648	-0.61457377738793	-2.41211878269437	0.109592240556018	-0.659144136207517	-0.84761272453104	-0.100703710837001	0.555615132764213	4.9362672402563	-3.23022141319388	-1.47860052218861	0	0.496153846153846	0.906666666666667	0.141818181818182	0.46625
Pseudomyrmex.pallidus	1	1	1	-0.268599870437984	-0.644033627200947	-2.70139881342945	0.133614966720534	-0.814588730259843	-1.11651614961835	-0.134720348973331	0.772297858640793	6.9933448101978	-4.88331319106547	-2.2771199017828	0	0.446153846153846	0.93	0.0190909090909091	0.457272727272727
Pseudomyrmex.spinicola	1	1	1	-0.259306874446648	-0.61457377738793	-2.41211878269437	0.109592240556018	-0.659144136207517	-0.84761272453104	-0.100703710837001	0.555615132764217	4.9362672402563	-3.23022141319388	-1.47860052218861	2	0.826923076923077	0.93	0.333030303030303	0.453636363636364
Rhytidoponera.chalybaea	2	1	1	-0.380006195085573	-0.0213910921952899	-1.18562561173489	0.46764760397987	-1.23194025352659	-2.51269958534837	-0.56315822307885	0.58820943614012	2.2642785330563	1.99250340881889	8.68056972347797	0	0.584615384615385	0.616666666666667	0.304242424242424	0.225568181818182
Rhytidoponera.metallica	2	1	1	-0.37998617195208	-0.0213896142236676	-1.18544208120724	0.46753189772989	-1.23161906151999	-2.51189875060786	-0.56297141174163	0.587996329765193	2.26342552633261	1.99166197852522	8.676799055485	1	0.461538461538462	0.763333333333333	0.0972727272727273	0.235340909090909
Solenopsis.fugax	0	1	1	-1.40231054217879	1.30959462686117	0.500754075561517	-0.0471972938295327	0.098002254489618	-0.0261984031959072	-0.042570044583767	-0.424250683497253	0.00387624513611647	0.0228653725149859	0.130805366574288	2	-0.0192307692307692	0.62	0.06	0.154886363636364
Solenopsis.picta	0	1	0	-1.40068312624069	1.30759902789365	0.499032267915683	-0.0469358831086537	0.0974296365455537	-0.0260103613759976	-0.0422516749049703	-0.42077639206009	0.00384319718479547	0.0226459956433914	0.129513147278506	0	0.653846153846154	0.77	0.186060606060606	0.183636363636364
Stenamma.brevicorne	1	1	0	-1.33354945513915	1.21657621087225	0.351826405812717	0.0199794391688371	-0.0911736539599487	-0.824036799955823	-0.369733349744593	-0.574347126916593	-0.09500261526079	0.141237250807174	0.770883320114413	0	0.0961538461538462	0.446666666666667	0.189393939393939	0.175227272727273
Stenamma.debile	1	1	1	-1.3407351273347	1.2251807781248	0.35742954815132	0.020490524589403	-0.0936328910369467	-0.85128092487069	-0.38246342444668	-0.5959723700594	-0.0987242050236073	0.147449769804376	0.805776199243897	0	0.238461538461538	0.573333333333333	0.143636363636364	0.158181818181818
Stenamma.diecki	1	1	0	-1.32615214131922	1.20753943997078	0.345284236736953	0.0193080039989548	-0.087886534087463	-0.784725141250323	-0.35104144352535	-0.541250831609727	-0.0891931704342033	0.130903890106759	0.711844532345543	0	-0.05	0.566666666666667	0.0827272727272727	0.350795454545455
Stenamma.impar	1	1	0	-1.31875527090163	1.19869983279521	0.33959531533522	0.0187970478859646	-0.0854340532698263	-0.757876326747213	-0.338532386651093	-0.520153391667007	-0.0855754367687487	0.124938454513017	0.678456921365163	0	0.230769230769231	0.556666666666667	0.227272727272727	0.189886363636364
Stigmatomma.reclinatum	2	1	0	-0.429938529797227	-1.85769714453673	-0.239766728276308	0.177999385071611	-0.78493409895056	-0.175551569486524	-0.0262230325551113	0.151201209871432	1.23122473983736	2.46764964946362	-0.945703098254977	0	0.75	0.896666666666667	0.496969696969697	0.430795454545455
Strumigenys.emarginata	0	1	1	-1.58597840550599	1.54896730517029	0.812269626079063	-0.158750923702782	0.40338232545328	1.23770198331364	0.517141389344703	2.44389816776383	-0.06494226505137	-0.0134433195568705	-0.0717598207703097	0	0.665384615384615	0.776666666666667	0.173636363636364	0.216136363636364
Strumigenys.hexamera	0	1	0	-1.58449904804158	1.54707075164958	0.810029168855693	-0.158046842784311	0.401495492034897	1.23059816342805	0.514049511134903	2.4279080666484	-0.0645000213984627	-0.0133403928277596	-0.0711942371181213	0	0.607692307692308	0.56	0.613636363636364	0.278181818181818
Strumigenys.lujae	0	1	0	-1.57101992258667	1.52978708803537	0.78959099269178	-0.151616873432954	0.384261341769447	1.16566653393753	0.48578402498354	2.28167347160981	-0.0604548329817133	-0.0123983852782616	-0.0660171009869143	0	0.673076923076923	0.82	0.222121212121212	0.198295454545455
Strumigenys.rogeri	0	1	0	-1.58637325081166	1.54947306388959	0.812864391038487	-0.158936913575664	0.40388039684761	1.23957137552476	0.517954458430977	2.4480961623141	-0.065058280186027	-0.0134702542705696	-0.0719077306202107	0	1.01153846153846	0.876666666666667	0.48969696969697	0.183636363636364
Strumigenys.serrula	0	1	0	-1.58348593973746	1.54577391591327	0.80850943524014	-0.157573436362113	0.400228445414357	1.22585433566959	0.51198739385246	2.41727509780658	-0.0642063542376137	-0.0132723491420665	-0.0708207792804353	0	0.769230769230769	0.876666666666667	0.36	0.220795454545455
Tapinoma.madeirense	1	0	1	-0.304635500512382	-0.768562157621033	-5.11780733412453	-1.2257142425675	3.23247140059828	0.9207860551715	0.0865954976990443	-0.280425810629747	-1.91300743675364	0.402611339641993	0.10630983942188	2	0.311538461538462	0.613333333333333	0.117272727272727	0.165681818181818
Tapinoma.minutum	1	0	1	-0.305540660018761	-0.771563156152233	-5.16309751805687	-1.2432721517648	3.28135345994755	0.937944749805107	0.0882780824204773	-0.286402280704875	-1.9554869255479	0.412697626894647	0.109054015089152	0	0.45	0.916666666666667	0.180606060606061	0.566818181818182
Tapinoma.nigerrimum	1	0	1	-0.305005377849559	-0.769787134830503	-5.136188691442	-1.23279528289384	3.25216721119039	0.92767177137142	0.0872700936385667	-0.282816760862603	-1.92998434369023	0.406629149715437	0.107402009958963	1	0.188461538461538	0.703333333333333	0.0233333333333333	0.172045454545455
Tapinoma.subboreale	1	0	1	-0.305419941355244	-0.771163559934263	-5.1571172729659	-1.24097482475034	3.27496600786985	0.935715489446257	0.0880597638261173	-0.285629185472015	-1.94999985105883	0.411400722548773	0.108701594767176	1	0.284615384615385	0.516666666666667	0.162727272727273	0.125340909090909
Tatuidris.tatusia	1	1	0	-0.45874479791559	-2.06258705356158	0.0244116575024807	0.126349607532137	-0.568778659270293	-0.133898403669505	-0.0201472988016548	0.117977593292959	0.968028177201213	2.02244008295713	-0.79621747442766	0	0.292307692307692	0.88	0.242121212121212	0.458636363636364
Technomyrmex.albipes	1	0	1	-0.297017777851032	-0.74332109531237	-4.73807940558793	-1.07902104040034	2.82428105918532	0.777828059107567	0.0725842582074263	-0.230719413111708	-1.55991064991479	0.318928224021633	0.0835535203370277	2	0.342307692307692	0.953333333333333	0.00787878787878788	0.555681818181818
Temnothorax.andrei	1	1	0	-1.61924230449213	1.59101774575706	0.85110132733739	-0.153887385212785	0.37485416622255	0.51267167254393	0.0532451697342527	-4.60403341369567	0.35215248204351	-0.13587388008762	-0.621915000990723	0	0.119230769230769	0.71	0.0342424242424242	0.176818181818182
Temnothorax.crassispinus	1	1	1	-1.60890999049824	1.57768944394082	0.83502632317026	-0.149209606848522	0.36283519363419	0.492489893627663	0.051061456298529	-4.3973305690286	0.335694742342353	-0.128731031091705	-0.58825483903	0	0.169230769230769	0.553333333333333	0.151515151515152	0.154886363636364
Temnothorax.curvispinosus	1	1	1	-1.61859973165897	1.59019308321575	0.850133495772677	-0.153614228867107	0.374155466030033	0.51152151164223	0.053121281156381	-4.59243169533693	0.351233460255073	-0.135481488501606	-0.620073992189653	0	0.303846153846154	0.666666666666667	0.22030303030303	0.205568181818182
Temnothorax.interruptus	1	1	1	-1.61792263519509	1.58931769153094	0.849065235454877	-0.153299390661717	0.37334504815163	0.510149787746597	0.0529725914424543	-4.57829779510083	0.350105873511353	-0.134989013688033	-0.617749361584233	0	0.126923076923077	0.513333333333333	0.105151515151515	0.161136363636364
Temnothorax.longispinosus	1	1	1	-1.61837256009192	1.58989697357446	0.849756947593783	-0.153498497853527	0.373855827021967	0.511001598227497	0.0530646169849973	-4.58697698649397	0.350795725783993	-0.135286791105987	-0.619150586283537	0	0.0961538461538462	0.563333333333333	0.202424242424242	0.205568181818182
Temnothorax.nigriceps	1	1	1	-1.61924230449213	1.59101774575706	0.85110132733739	-0.153887385212785	0.374854166222553	0.512671672543933	0.053245169734251	-4.6040334136957	0.35215248204351	-0.135873880087621	-0.621915000990723	0	0.196153846153846	0.49	0.187272727272727	0.155909090909091
Temnothorax.parvulus	1	1	1	-1.62023454893213	1.59229929087162	0.852657103482737	-0.154343370681944	0.37602698326129	0.514650028122477	0.0534594528293567	-4.62436609232473	0.35377324155007	-0.136579886868399	-0.62524525300088	0	0.138461538461538	0.59	0.0566666666666667	0.161136363636364
Temnothorax.tuberum	1	1	1	-1.62023454893213	1.59229929087162	0.852657103482737	-0.154343370681944	0.376026983261293	0.514650028122477	0.053459452829356	-4.62436609232473	0.35377324155007	-0.136579886868397	-0.62524525300088	0	-0.0384615384615385	0.63	0.132121212121212	0.224545454545455
Temnothorax.unifasciatus	1	1	1	-1.61837256009192	1.58989697357446	0.84975694759378	-0.153498497853526	0.373855827021967	0.511001598227497	0.053064616984998	-4.58697698649397	0.350795725783993	-0.135286791105988	-0.619150586283537	1	0.165384615384615	0.623333333333333	0.142727272727273	0.160795454545455
Tetramorium.alpestre	0	1	1	-1.54922143054122	1.49982310307366	0.73519559728651	-0.118021353925994	0.281841669441629	0.3497984807548	0.0354492049147453	-2.87954043707715	0.213282106661385	-0.073329254472609	-0.324175064954485	2	-0.0730769230769231	0.346666666666667	0.15	0.227159090909091
Tetramorium.caespitum	0	1	1	-1.54396752545408	1.49314922687912	0.72784156707963	-0.116127498977636	0.277073440949305	0.342547485252123	0.0346839929508477	-2.81156997947614	0.208044170723325	-0.0713068259924783	-0.314974014101037	2	-0.0653846153846154	0.66	0.0578787878787879	0.236818181818182
Tetramorium.impurum	0	1	1	-1.54628598978635	1.49609652567965	0.73110207320225	-0.116970754911573	0.279197839029429	0.34578668274192	0.0350260369420663	-2.84199512972066	0.210390352622575	-0.0722146208293713	-0.319106335303506	2	-0.0653846153846154	0.593333333333333	0.135151515151515	0.220795454545455
Tetramorium.semilaeve	0	1	1	-1.54396752545408	1.49314922687912	0.72784156707963	-0.116127498977635	0.277073440949304	0.342547485252127	0.0346839929508467	-2.81156997947615	0.208044170723325	-0.071306825992477	-0.314974014101034	2	0.238461538461538	0.7	0.0439393939393939	0.146818181818182
Tetramorium.simillimum	0	1	1	-1.54546044754455	1.49504380295992	0.729918580055157	-0.116659389770247	0.278411512784035	0.344575022831437	0.0348977906016893	-2.83052459802566	0.209503534462246	-0.071868692319863	-0.317528278486414	1	0.630769230769231	0.863333333333333	0.00484848484848485	0.215568181818182
Tetraponera.rufonigra	1	1	1	-0.270823064758735	-0.65104609252851	-2.7684277306588	0.13901417769503	-0.849368734025787	-1.17549050485005	-0.142146641120741	0.81909063559905	7.43526835421817	-5.23256449710163	-2.44506650638887	1	0.719230769230769	0.95	0.235151515151515	0.555681818181818
Thaumatomyrmex.atrox	2	1	0	-0.643388651199007	-3.34875273601937	1.49796143155849	-0.11993643520553	0.434339223803547	0.032797112524297	0.003104422594158	0.0077477411869872	0.179885577437448	1.71837654994378	-0.99583885320435	0	0.857692307692308	0.913333333333333	0.31030303030303	0.429204545454545
Thaumatomyrmex.contumax	2	1	0	-0.643388651199873	-3.34875273602527	1.49796143156448	-0.119936435206298	0.434339223806493	0.0327971125245661	0.0031044225941847	0.00774774118706367	0.179885577439234	1.71837654996293	-0.995838853215773	0	0.888461538461539	0.78	0.346060606060606	0.157386363636364
Typhlomyrmex.rogenhoferi	1	1	0	-0.377787674917727	-0.0212264784698892	-1.16461232119487	0.4539907087848	-1.1938618388414	-2.41589560172705	-0.540477296561397	0.56206614818453	2.15911784167363	1.88713317528853	8.20640123132277	1	0.619230769230769	0.9	0.233030303030303	0.458636363636364
